 This file contains the values of coefficients of velocity dependent collision f
 requency and the time stamp:
 Time		Coefficients 1, ... , Order_nu
 0.00000800000000,0.00000000000000,0.00000000000000,0.00000000000000,0.000000000
 00000,0.00000000000000,0.00000000000000,
 0.00001400000000,0.00000000000000,0.00000000000000,0.00000000000000,0.000000000
 00000,0.00000000000000,0.00000000000000,
 0.00002000000000,0.00000000000000,0.00000000000000,0.00000000000000,0.000000000
 00000,0.00000000000000,0.00000000000000,
 0.00002600000000,0.00000000000000,0.00000000000000,0.00000000000000,0.000000000
 00000,0.00000000000000,0.00000000000000,
 0.00003200000000,0.00000000000000,0.00000000000000,0.00000000000000,0.000000000
 00000,0.00000000000000,0.00000000000000,
 0.00003800000000,0.00000000000000,0.00000000000000,0.00000000000000,0.000000000
 00000,0.00000000000000,0.00000000000000,
 0.00004400000000,0.00000000000000,0.00000000000000,0.00000000000000,0.000000000
 00000,0.00000000000000,0.00000000000000,
 0.00005000000000,0.00000000000000,0.00000000000000,0.00000000000000,0.000000000
 00000,0.00000000000000,0.00000000000000,
 0.00005600000000,0.00000000000000,0.00000000000000,0.00000000000000,0.000000000
 00000,0.00000000000000,0.00000000000000,
 0.00006200000000,0.00000000000000,0.00000000000000,0.00000000000000,0.000000000
 00000,0.00000000000000,0.00000000000000,
 0.00006800000000,0.00000000000000,0.00000000000000,0.00000000000000,0.000000000
 00000,0.00000000000000,0.00000000000000,
 0.00007400000000,0.00000000000000,0.00000000000000,0.00000000000000,0.000000000
 00000,0.00000000000000,0.00000000000000,
 0.00008000000000,0.00000000000000,0.00000000000000,0.00000000000000,0.000000000
 00000,0.00000000000000,0.00000000000000,
 0.00008600000000,0.00000000000000,0.00000000000000,0.00000000000000,0.000000000
 00000,0.00000000000000,0.00000000000000,
 0.00009200000000,0.00000000000000,0.00000000000000,0.00000000000000,0.000000000
 00000,0.00000000000000,0.00000000000000,
 0.00009800000000,0.00000000000000,0.00000000000000,0.00000000000000,0.000000000
 00000,0.00000000000000,0.00000000000000,
 0.00010400000000,0.00000000000000,0.00000000000000,0.00000000000000,0.000000000
 00000,0.00000000000000,0.00000000000000,
 0.00011000000000,0.00000000000000,0.00000000000000,0.00000000000000,0.000000000
 00000,0.00000000000000,0.00000000000000,
 0.00011600000000,0.00000000000000,0.00000000000000,0.00000000000000,0.000000000
 00000,0.00000000000000,0.00000000000000,
 0.00012200000000,0.00000000000000,0.00000000000000,0.00000000000000,0.000000000
 00000,0.00000000000000,0.00000000000000,
 0.00012800000000,0.00000000000000,0.00000000000000,0.00000000000000,0.000000000
 00000,0.00000000000000,0.00000000000000,
 0.00013400000000,0.00000000000000,0.00000000000000,0.00000000000000,0.000000000
 00000,0.00000000000000,0.00000000000000,
 0.00014000000000,0.00000000000000,0.00000000000000,0.00000000000000,0.000000000
 00000,0.00000000000000,0.00000000000000,
 0.00014600000000,0.00000000000000,0.00000000000000,0.00000000000000,0.000000000
 00000,0.00000000000000,0.00000000000000,
 0.00015200000000,0.00000000000000,0.00000000000000,0.00000000000000,0.000000000
 00000,0.00000000000000,0.00000000000000,
 0.00015800000000,0.00000000000000,0.00000000000000,0.00000000000000,0.000000000
 00000,0.00000000000000,0.00000000000000,
 0.00016400000000,0.00000000000000,0.00000000000000,0.00000000000000,0.000000000
 00000,0.00000000000000,0.00000000000000,
 0.00017000000000,0.00000000000000,0.00000000000000,0.00000000000000,0.000000000
 00000,0.00000000000000,0.00000000000000,
 0.00017600000000,0.00000000000000,0.00000000000000,0.00000000000000,0.000000000
 00000,0.00000000000000,0.00000000000000,
 0.00018200000000,0.00000000000000,0.00000000000000,0.00000000000000,0.000000000
 00000,0.00000000000000,0.00000000000000,
 0.00018800000000,0.00000000000000,0.00000000000000,0.00000000000000,0.000000000
 00000,0.00000000000000,0.00000000000000,
 0.00019400000000,0.00000000000000,0.00000000000000,0.00000000000000,0.000000000
 00000,0.00000000000000,0.00000000000000,
 0.00020000000000,0.00000000000000,0.00000000000000,0.00000000000000,0.000000000
 00000,0.00000000000000,0.00000000000000,
 0.00020600000000,0.00000000000000,0.00000000000000,0.00000000000000,0.000000000
 00000,0.00000000000000,0.00000000000000,
 0.00021200000000,0.00000000000000,0.00000000000000,0.00000000000000,0.000000000
 00000,0.00000000000000,0.00000000000000,
 0.00021800000000,0.00000000000000,0.00000000000000,0.00000000000000,0.000000000
 00000,0.00000000000000,0.00000000000000,
 0.00022400000000,0.00000000000000,0.00000000000000,0.00000000000000,0.000000000
 00000,0.00000000000000,0.00000000000000,
 0.00023000000000,0.00000000000000,0.00000000000000,0.00000000000000,0.000000000
 00000,0.00000000000000,0.00000000000000,
 0.00023600000000,0.00000000000000,0.00000000000000,0.00000000000000,0.000000000
 00000,0.00000000000000,0.00000000000000,
 0.00024200000000,0.00000000000000,0.00000000000000,0.00000000000000,0.000000000
 00000,0.00000000000000,0.00000000000000,
 0.00024800000000,0.00000000000000,0.00000000000000,0.00000000000000,0.000000000
 00000,0.00000000000000,0.00000000000000,
 0.00025400000000,0.00000000000000,0.00000000000000,0.00000000000000,0.000000000
 00000,0.00000000000000,0.00000000000000,
 0.00026000000000,0.00000000000000,0.00000000000000,0.00000000000000,0.000000000
 00000,0.00000000000000,0.00000000000000,
 0.00026600000000,0.00000000000000,0.00000000000000,0.00000000000000,0.000000000
 00000,0.00000000000000,0.00000000000000,
 0.00027200000000,0.00000000000000,0.00000000000000,0.00000000000000,0.000000000
 00000,0.00000000000000,0.00000000000000,
 0.00027800000000,0.00000000000000,0.00000000000000,0.00000000000000,0.000000000
 00000,0.00000000000000,0.00000000000000,
 0.00028400000000,0.00000000000000,0.00000000000000,0.00000000000000,0.000000000
 00000,0.00000000000000,0.00000000000000,
 0.00029000000000,0.00000000000000,0.00000000000000,0.00000000000000,0.000000000
 00000,0.00000000000000,0.00000000000000,
 0.00029600000000,0.00000000000000,0.00000000000000,0.00000000000000,0.000000000
 00000,0.00000000000000,0.00000000000000,
 0.00030200000000,0.00000000000000,0.00000000000000,0.00000000000000,0.000000000
 00000,0.00000000000000,0.00000000000000,
 0.00030800000000,0.00000000000000,0.00000000000000,0.00000000000000,0.000000000
 00000,0.00000000000000,0.00000000000000,
 0.00031400000000,0.00000000000000,0.00000000000000,0.00000000000000,0.000000000
 00000,0.00000000000000,0.00000000000000,
 0.00032000000000,0.00000000000000,0.00000000000000,0.00000000000000,0.000000000
 00000,0.00000000000000,0.00000000000000,
 0.00032600000000,0.00000000000000,0.00000000000000,0.00000000000000,0.000000000
 00000,0.00000000000000,0.00000000000000,
 0.00033200000000,0.00000000000000,0.00000000000000,0.00000000000000,0.000000000
 00000,0.00000000000000,0.00000000000000,
 0.00033800000000,0.00000000000000,0.00000000000000,0.00000000000000,0.000000000
 00000,0.00000000000000,0.00000000000000,
 0.00034400000000,0.00000000000000,0.00000000000000,0.00000000000000,0.000000000
 00000,0.00000000000000,0.00000000000000,
 0.00035000000000,0.00000000000000,0.00000000000000,0.00000000000000,0.000000000
 00000,0.00000000000000,0.00000000000000,
 0.00035600000000,0.00000000000000,0.00000000000000,0.00000000000000,0.000000000
 00000,0.00000000000000,0.00000000000000,
 0.00036200000000,0.00000000000000,0.00000000000000,0.00000000000000,0.000000000
 00000,0.00000000000000,0.00000000000000,
 0.00036800000000,0.00000000000000,0.00000000000000,0.00000000000000,0.000000000
 00000,0.00000000000000,0.00000000000000,
 0.00037400000000,0.00000000000000,0.00000000000000,0.00000000000000,0.000000000
 00000,0.00000000000000,0.00000000000000,
 0.00038000000000,0.00000000000000,0.00000000000000,0.00000000000000,0.000000000
 00000,0.00000000000000,0.00000000000000,
 0.00038600000000,0.00000000000000,0.00000000000000,0.00000000000000,0.000000000
 00000,0.00000000000000,0.00000000000000,
 0.00039200000000,0.00000000000000,0.00000000000000,0.00000000000000,0.000000000
 00000,0.00000000000000,0.00000000000000,
 0.00039800000000,0.00000000000000,0.00000000000000,0.00000000000000,0.000000000
 00000,0.00000000000000,0.00000000000000,
 0.00040400000000,0.00000000000000,0.00000000000000,0.00000000000000,0.000000000
 00000,0.00000000000000,0.00000000000000,
 0.00041000000000,0.00000000000000,0.00000000000000,0.00000000000000,0.000000000
 00000,0.00000000000000,0.00000000000000,
 0.00041600000000,0.00000000000000,0.00000000000000,0.00000000000000,0.000000000
 00000,0.00000000000000,0.00000000000000,
 0.00042200000000,0.00000000000000,0.00000000000000,0.00000000000000,0.000000000
 00000,0.00000000000000,0.00000000000000,
 0.00042800000000,0.00000000000000,0.00000000000000,0.00000000000000,0.000000000
 00000,0.00000000000000,0.00000000000000,
 0.00043400000000,0.00000000000000,0.00000000000000,0.00000000000000,0.000000000
 00000,0.00000000000000,0.00000000000000,
 0.00044000000000,0.00000000000000,0.00000000000000,0.00000000000000,0.000000000
 00000,0.00000000000000,0.00000000000000,
 0.00044600000000,0.00000000000000,0.00000000000000,0.00000000000000,0.000000000
 00000,0.00000000000000,0.00000000000000,
 0.00045200000000,0.00000000000000,0.00000000000000,0.00000000000000,0.000000000
 00000,0.00000000000000,0.00000000000000,
 0.00045800000000,0.00000000000000,0.00000000000000,0.00000000000000,0.000000000
 00000,0.00000000000000,0.00000000000000,
 0.00046400000000,0.00000000000000,0.00000000000000,0.00000000000000,0.000000000
 00000,0.00000000000000,0.00000000000000,
 0.00047000000000,0.00000000000000,0.00000000000000,0.00000000000000,0.000000000
 00000,0.00000000000000,0.00000000000000,
 0.00047600000000,0.00000000000000,0.00000000000000,0.00000000000000,0.000000000
 00000,0.00000000000000,0.00000000000000,
 0.00048200000000,0.00000000000000,0.00000000000000,0.00000000000000,0.000000000
 00000,0.00000000000000,0.00000000000000,
 0.00048800000000,0.00000000000000,0.00000000000000,0.00000000000000,0.000000000
 00000,0.00000000000000,0.00000000000000,
 0.00049400000000,0.00000000000000,0.00000000000000,0.00000000000000,0.000000000
 00000,0.00000000000000,0.00000000000000,
 0.00050000000000,0.00000000000000,0.00000000000000,0.00000000000000,0.000000000
 00000,0.00000000000000,0.00000000000000,
 0.00050600000000,0.00000000000000,0.00000000000000,0.00000000000000,0.000000000
 00000,0.00000000000000,0.00000000000000,
 0.00051200000000,0.00000000000000,0.00000000000000,0.00000000000000,0.000000000
 00000,0.00000000000000,0.00000000000000,
 0.00051800000000,0.00000000000000,0.00000000000000,0.00000000000000,0.000000000
 00000,0.00000000000000,0.00000000000000,
 0.00052400000000,0.00000000000000,0.00000000000000,0.00000000000000,0.000000000
 00000,0.00000000000000,0.00000000000000,
 0.00053000000000,0.00000000000000,0.00000000000000,0.00000000000000,0.000000000
 00000,0.00000000000000,0.00000000000000,
 0.00053600000000,0.00000000000000,0.00000000000000,0.00000000000000,0.000000000
 00000,0.00000000000000,0.00000000000000,
 0.00054200000000,0.00000000000000,0.00000000000000,0.00000000000000,0.000000000
 00000,0.00000000000000,0.00000000000000,
 0.00054800000000,0.00000000000000,0.00000000000000,0.00000000000000,0.000000000
 00000,0.00000000000000,0.00000000000000,
 0.00055400000000,0.00000000000000,0.00000000000000,0.00000000000000,0.000000000
 00000,0.00000000000000,0.00000000000000,
 0.00056000000000,0.00000000000000,0.00000000000000,0.00000000000000,0.000000000
 00000,0.00000000000000,0.00000000000000,
 0.00056600000000,0.00000000000000,0.00000000000000,0.00000000000000,0.000000000
 00000,0.00000000000000,0.00000000000000,
 0.00057200000000,0.00000000000000,0.00000000000000,0.00000000000000,0.000000000
 00000,0.00000000000000,0.00000000000000,
 0.00057800000000,0.00000000000000,0.00000000000000,0.00000000000000,0.000000000
 00000,0.00000000000000,0.00000000000000,
 0.00058400000000,0.00000000000000,0.00000000000000,0.00000000000000,0.000000000
 00000,0.00000000000000,0.00000000000000,
 0.00059000000000,0.00000000000000,0.00000000000000,0.00000000000000,0.000000000
 00000,0.00000000000000,0.00000000000000,
 0.00059600000000,0.00000000000000,0.00000000000000,0.00000000000000,0.000000000
 00000,0.00000000000000,0.00000000000000,
 0.00060200000000,0.00000000000000,0.00000000000000,0.00000000000000,0.000000000
 00000,0.00000000000000,0.00000000000000,
 0.00060800000000,0.00000000000000,0.00000000000000,0.00000000000000,0.000000000
 00000,0.00000000000000,0.00000000000000,
 0.00061400000000,0.00000000000000,0.00000000000000,0.00000000000000,0.000000000
 00000,0.00000000000000,0.00000000000000,
 0.00062000000000,0.00000000000000,0.00000000000000,0.00000000000000,0.000000000
 00000,0.00000000000000,0.00000000000000,
 0.00062600000000,0.00000000000000,0.00000000000000,0.00000000000000,0.000000000
 00000,0.00000000000000,0.00000000000000,
 0.00063200000000,0.00000000000000,0.00000000000000,0.00000000000000,0.000000000
 00000,0.00000000000000,0.00000000000000,
 0.00063800000000,0.00000000000000,0.00000000000000,0.00000000000000,0.000000000
 00000,0.00000000000000,0.00000000000000,
 0.00064400000000,0.00000000000000,0.00000000000000,0.00000000000000,0.000000000
 00000,0.00000000000000,0.00000000000000,
 0.00065000000000,0.00000000000000,0.00000000000000,0.00000000000000,0.000000000
 00000,0.00000000000000,0.00000000000000,
 0.00065600000000,0.00000000000000,0.00000000000000,0.00000000000000,0.000000000
 00000,0.00000000000000,0.00000000000000,
 0.00066200000000,0.00000000000000,0.00000000000000,0.00000000000000,0.000000000
 00000,0.00000000000000,0.00000000000000,
 0.00066800000000,0.00000000000000,0.00000000000000,0.00000000000000,0.000000000
 00000,0.00000000000000,0.00000000000000,
 0.00067400000000,0.00000000000000,0.00000000000000,0.00000000000000,0.000000000
 00000,0.00000000000000,0.00000000000000,
 0.00068000000000,0.00000000000000,0.00000000000000,0.00000000000000,0.000000000
 00000,0.00000000000000,0.00000000000000,
 0.00068600000000,0.00000000000000,0.00000000000000,0.00000000000000,0.000000000
 00000,0.00000000000000,0.00000000000000,
 0.00069200000000,0.00000000000000,0.00000000000000,0.00000000000000,0.000000000
 00000,0.00000000000000,0.00000000000000,
 0.00069800000000,0.00000000000000,0.00000000000000,0.00000000000000,0.000000000
 00000,0.00000000000000,0.00000000000000,
 0.00070400000000,0.00000000000000,0.00000000000000,0.00000000000000,0.000000000
 00000,0.00000000000000,0.00000000000000,
 0.00071000000000,0.00000000000000,0.00000000000000,0.00000000000000,0.000000000
 00000,0.00000000000000,0.00000000000000,
 0.00071600000000,0.00000000000000,0.00000000000000,0.00000000000000,0.000000000
 00000,0.00000000000000,0.00000000000000,
 0.00072200000000,0.00000000000000,0.00000000000000,0.00000000000000,0.000000000
 00000,0.00000000000000,0.00000000000000,
 0.00072800000000,0.00000000000000,0.00000000000000,0.00000000000000,0.000000000
 00000,0.00000000000000,0.00000000000000,
 0.00073400000000,0.00000000000000,0.00000000000000,0.00000000000000,0.000000000
 00000,0.00000000000000,0.00000000000000,
 0.00074000000000,0.00000000000000,0.00000000000000,0.00000000000000,0.000000000
 00000,0.00000000000000,0.00000000000000,
 0.00074600000000,0.00000000000000,0.00000000000000,0.00000000000000,0.000000000
 00000,0.00000000000000,0.00000000000000,
 0.00075200000000,0.00000000000000,0.00000000000000,0.00000000000000,0.000000000
 00000,0.00000000000000,0.00000000000000,
 0.00075800000000,0.00000000000000,0.00000000000000,0.00000000000000,0.000000000
 00000,0.00000000000000,0.00000000000000,
 0.00076400000000,0.00000000000000,0.00000000000000,0.00000000000000,0.000000000
 00000,0.00000000000000,0.00000000000000,
 0.00077000000000,0.00000000000000,0.00000000000000,0.00000000000000,0.000000000
 00000,0.00000000000000,0.00000000000000,
 0.00077600000000,0.00000000000000,0.00000000000000,0.00000000000000,0.000000000
 00000,0.00000000000000,0.00000000000000,
 0.00078200000000,0.00000000000000,0.00000000000000,0.00000000000000,0.000000000
 00000,0.00000000000000,0.00000000000000,
 0.00078800000000,0.00000000000000,0.00000000000000,0.00000000000000,0.000000000
 00000,0.00000000000000,0.00000000000000,
 0.00079400000000,0.00000000000000,0.00000000000000,0.00000000000000,0.000000000
 00000,0.00000000000000,0.00000000000000,
 0.00080000000000,0.00000000000000,0.00000000000000,0.00000000000000,0.000000000
 00000,0.00000000000000,0.00000000000000,
 0.00080600000000,0.00000000000000,0.00000000000000,0.00000000000000,0.000000000
 00000,0.00000000000000,0.00000000000000,
 0.00081200000000,0.00000000000000,0.00000000000000,0.00000000000000,0.000000000
 00000,0.00000000000000,0.00000000000000,
 0.00081800000000,0.00000000000000,0.00000000000000,0.00000000000000,0.000000000
 00000,0.00000000000000,0.00000000000000,
 0.00082400000000,0.00000000000000,0.00000000000000,0.00000000000000,0.000000000
 00000,0.00000000000000,0.00000000000000,
 0.00083000000000,0.00000000000000,0.00000000000000,0.00000000000000,0.000000000
 00000,0.00000000000000,0.00000000000000,
 0.00083600000000,0.00000000000000,0.00000000000000,0.00000000000000,0.000000000
 00000,0.00000000000000,0.00000000000000,
 0.00084200000000,0.00000000000000,0.00000000000000,0.00000000000000,0.000000000
 00000,0.00000000000000,0.00000000000000,
 0.00084800000000,0.00000000000000,0.00000000000000,0.00000000000000,0.000000000
 00000,0.00000000000000,0.00000000000000,
 0.00085400000000,0.00000000000000,0.00000000000000,0.00000000000000,0.000000000
 00000,0.00000000000000,0.00000000000000,
 0.00086000000000,0.00000000000000,0.00000000000000,0.00000000000000,0.000000000
 00000,0.00000000000000,0.00000000000000,
 0.00086600000000,0.00000000000000,0.00000000000000,0.00000000000000,0.000000000
 00000,0.00000000000000,0.00000000000000,
 0.00087200000000,0.00000000000000,0.00000000000000,0.00000000000000,0.000000000
 00000,0.00000000000000,0.00000000000000,
 0.00087800000000,0.00000000000000,0.00000000000000,0.00000000000000,0.000000000
 00000,0.00000000000000,0.00000000000000,
 0.00088400000000,0.00000000000000,0.00000000000000,0.00000000000000,0.000000000
 00000,0.00000000000000,0.00000000000000,
 0.00089000000000,0.00000000000000,0.00000000000000,0.00000000000000,0.000000000
 00000,0.00000000000000,0.00000000000000,
 0.00089600000000,0.00000000000000,0.00000000000000,0.00000000000000,0.000000000
 00000,0.00000000000000,0.00000000000000,
 0.00090200000000,0.00000000000000,0.00000000000000,0.00000000000000,0.000000000
 00000,0.00000000000000,0.00000000000000,
 0.00090800000000,0.00000000000000,0.00000000000000,0.00000000000000,0.000000000
 00000,0.00000000000000,0.00000000000000,
 0.00091400000000,0.00000000000000,0.00000000000000,0.00000000000000,0.000000000
 00000,0.00000000000000,0.00000000000000,
 0.00092000000000,0.00000000000000,0.00000000000000,0.00000000000000,0.000000000
 00000,0.00000000000000,0.00000000000000,
 0.00092600000000,0.00000000000000,0.00000000000000,0.00000000000000,0.000000000
 00000,0.00000000000000,0.00000000000000,
 0.00093200000000,0.00000000000000,0.00000000000000,0.00000000000000,0.000000000
 00000,0.00000000000000,0.00000000000000,
 0.00093800000000,0.00000000000000,0.00000000000000,0.00000000000000,0.000000000
 00000,0.00000000000000,0.00000000000000,
 0.00094400000000,0.00000000000000,0.00000000000000,0.00000000000000,0.000000000
 00000,0.00000000000000,0.00000000000000,
 0.00095000000000,0.00000000000000,0.00000000000000,0.00000000000000,0.000000000
 00000,0.00000000000000,0.00000000000000,
 0.00095600000000,0.00000000000000,0.00000000000000,0.00000000000000,0.000000000
 00000,0.00000000000000,0.00000000000000,
 0.00096200000000,0.00000000000000,0.00000000000000,0.00000000000000,0.000000000
 00000,0.00000000000000,0.00000000000000,
 0.00096800000000,0.00000000000000,0.00000000000000,0.00000000000000,0.000000000
 00000,0.00000000000000,0.00000000000000,
 0.00097400000000,0.00000000000000,0.00000000000000,0.00000000000000,0.000000000
 00000,0.00000000000000,0.00000000000000,
 0.00098000000000,0.00000000000000,0.00000000000000,0.00000000000000,0.000000000
 00000,0.00000000000000,0.00000000000000,
 0.00098600000000,0.00000000000000,0.00000000000000,0.00000000000000,0.000000000
 00000,0.00000000000000,0.00000000000000,
 0.00099200000000,0.00000000000000,0.00000000000000,0.00000000000000,0.000000000
 00000,0.00000000000000,0.00000000000000,
 0.00099800000000,0.00000000000000,0.00000000000000,0.00000000000000,0.000000000
 00000,0.00000000000000,0.00000000000000,
 0.00100400000000,0.00000000000000,0.00000000000000,0.00000000000000,0.000000000
 00000,0.00000000000000,0.00000000000000,
 0.00101000000000,0.00000000000000,0.00000000000000,0.00000000000000,0.000000000
 00000,0.00000000000000,0.00000000000000,
 0.00101600000000,0.00000000000000,0.00000000000000,0.00000000000000,0.000000000
 00000,0.00000000000000,0.00000000000000,
 0.00102200000000,0.00000000000000,0.00000000000000,0.00000000000000,0.000000000
 00000,0.00000000000000,0.00000000000000,
 0.00102800000000,0.00000000000000,0.00000000000000,0.00000000000000,0.000000000
 00000,0.00000000000000,0.00000000000000,
 0.00103400000000,0.00000000000000,0.00000000000000,0.00000000000000,0.000000000
 00000,0.00000000000000,0.00000000000000,
 0.00104000000000,0.00000000000000,0.00000000000000,0.00000000000000,0.000000000
 00000,0.00000000000000,0.00000000000000,
 0.00104600000000,0.00000000000000,0.00000000000000,0.00000000000000,0.000000000
 00000,0.00000000000000,0.00000000000000,
 0.00105200000000,0.00000000000000,0.00000000000000,0.00000000000000,0.000000000
 00000,0.00000000000000,0.00000000000000,
 0.00105800000000,0.00000000000000,0.00000000000000,0.00000000000000,0.000000000
 00000,0.00000000000000,0.00000000000000,
 0.00106400000000,0.00000000000000,0.00000000000000,0.00000000000000,0.000000000
 00000,0.00000000000000,0.00000000000000,
 0.00107000000000,0.00000000000000,0.00000000000000,0.00000000000000,0.000000000
 00000,0.00000000000000,0.00000000000000,
 0.00107600000000,0.00000000000000,0.00000000000000,0.00000000000000,0.000000000
 00000,0.00000000000000,0.00000000000000,
 0.00108200000000,0.00000000000000,0.00000000000000,0.00000000000000,0.000000000
 00000,0.00000000000000,0.00000000000000,
 0.00108800000000,0.00000000000000,0.00000000000000,0.00000000000000,0.000000000
 00000,0.00000000000000,0.00000000000000,
 0.00109400000000,0.00000000000000,0.00000000000000,0.00000000000000,0.000000000
 00000,0.00000000000000,0.00000000000000,
 0.00110000000000,0.00000000000000,0.00000000000000,0.00000000000000,0.000000000
 00000,0.00000000000000,0.00000000000000,
 0.00110600000000,0.00000000000000,0.00000000000000,0.00000000000000,0.000000000
 00000,0.00000000000000,0.00000000000000,
 0.00111200000000,0.00000000000000,0.00000000000000,0.00000000000000,0.000000000
 00000,0.00000000000000,0.00000000000000,
 0.00111800000000,0.00000000000000,0.00000000000000,0.00000000000000,0.000000000
 00000,0.00000000000000,0.00000000000000,
 0.00112400000000,0.00000000000000,0.00000000000000,0.00000000000000,0.000000000
 00000,0.00000000000000,0.00000000000000,
 0.00113000000000,0.00000000000000,0.00000000000000,0.00000000000000,0.000000000
 00000,0.00000000000000,0.00000000000000,
 0.00113600000000,0.00000000000000,0.00000000000000,0.00000000000000,0.000000000
 00000,0.00000000000000,0.00000000000000,
 0.00114200000000,0.00000000000000,0.00000000000000,0.00000000000000,0.000000000
 00000,0.00000000000000,0.00000000000000,
 0.00114800000000,0.00000000000000,0.00000000000000,0.00000000000000,0.000000000
 00000,0.00000000000000,0.00000000000000,
 0.00115400000000,0.00000000000000,0.00000000000000,0.00000000000000,0.000000000
 00000,0.00000000000000,0.00000000000000,
 0.00116000000000,0.00000000000000,0.00000000000000,0.00000000000000,0.000000000
 00000,0.00000000000000,0.00000000000000,
 0.00116600000000,0.00000000000000,0.00000000000000,0.00000000000000,0.000000000
 00000,0.00000000000000,0.00000000000000,
 0.00117200000000,0.00000000000000,0.00000000000000,0.00000000000000,0.000000000
 00000,0.00000000000000,0.00000000000000,
 0.00117800000000,0.00000000000000,0.00000000000000,0.00000000000000,0.000000000
 00000,0.00000000000000,0.00000000000000,
 0.00118400000000,0.00000000000000,0.00000000000000,0.00000000000000,0.000000000
 00000,0.00000000000000,0.00000000000000,
 0.00119000000000,0.00000000000000,0.00000000000000,0.00000000000000,0.000000000
 00000,0.00000000000000,0.00000000000000,
 0.00119600000000,0.00000000000000,0.00000000000000,0.00000000000000,0.000000000
 00000,0.00000000000000,0.00000000000000,
 0.00120200000000,0.00000000000000,0.00000000000000,0.00000000000000,0.000000000
 00000,0.00000000000000,0.00000000000000,
 0.00120800000000,0.00000000000000,0.00000000000000,0.00000000000000,0.000000000
 00000,0.00000000000000,0.00000000000000,
 0.00121400000000,0.00000000000000,0.00000000000000,0.00000000000000,0.000000000
 00000,0.00000000000000,0.00000000000000,
 0.00122000000000,0.00000000000000,0.00000000000000,0.00000000000000,0.000000000
 00000,0.00000000000000,0.00000000000000,
 0.00122600000000,0.00000000000000,0.00000000000000,0.00000000000000,0.000000000
 00000,0.00000000000000,0.00000000000000,
 0.00123200000000,0.00000000000000,0.00000000000000,0.00000000000000,0.000000000
 00000,0.00000000000000,0.00000000000000,
 0.00123800000000,0.00000000000000,0.00000000000000,0.00000000000000,0.000000000
 00000,0.00000000000000,0.00000000000000,
 0.00124400000000,0.00000000000000,0.00000000000000,0.00000000000000,0.000000000
 00000,0.00000000000000,0.00000000000000,
 0.00125000000000,0.00000000000000,0.00000000000000,0.00000000000000,0.000000000
 00000,0.00000000000000,0.00000000000000,
 0.00125600000000,0.00000000000000,0.00000000000000,0.00000000000000,0.000000000
 00000,0.00000000000000,0.00000000000000,
 0.00126200000000,0.00000000000000,0.00000000000000,0.00000000000000,0.000000000
 00000,0.00000000000000,0.00000000000000,
 0.00126800000000,0.00000000000000,0.00000000000000,0.00000000000000,0.000000000
 00000,0.00000000000000,0.00000000000000,
 0.00127400000000,0.00000000000000,0.00000000000000,0.00000000000000,0.000000000
 00000,0.00000000000000,0.00000000000000,
 0.00128000000000,0.00000000000000,0.00000000000000,0.00000000000000,0.000000000
 00000,0.00000000000000,0.00000000000000,
 0.00128600000000,0.00000000000000,0.00000000000000,0.00000000000000,0.000000000
 00000,0.00000000000000,0.00000000000000,
 0.00129200000000,0.00000000000000,0.00000000000000,0.00000000000000,0.000000000
 00000,0.00000000000000,0.00000000000000,
 0.00129800000000,0.00000000000000,0.00000000000000,0.00000000000000,0.000000000
 00000,0.00000000000000,0.00000000000000,
 0.00130400000000,0.00000000000000,0.00000000000000,0.00000000000000,0.000000000
 00000,0.00000000000000,0.00000000000000,
 0.00131000000000,0.00000000000000,0.00000000000000,0.00000000000000,0.000000000
 00000,0.00000000000000,0.00000000000000,
 0.00131600000000,0.00000000000000,0.00000000000000,0.00000000000000,0.000000000
 00000,0.00000000000000,0.00000000000000,
 0.00132200000000,0.00000000000000,0.00000000000000,0.00000000000000,0.000000000
 00000,0.00000000000000,0.00000000000000,
 0.00132800000000,0.00000000000000,0.00000000000000,0.00000000000000,0.000000000
 00000,0.00000000000000,0.00000000000000,
 0.00133400000000,0.00000000000000,0.00000000000000,0.00000000000000,0.000000000
 00000,0.00000000000000,0.00000000000000,
 0.00134000000000,0.00000000000000,0.00000000000000,0.00000000000000,0.000000000
 00000,0.00000000000000,0.00000000000000,
 0.00134600000000,0.00000000000000,0.00000000000000,0.00000000000000,0.000000000
 00000,0.00000000000000,0.00000000000000,
 0.00135200000000,0.00000000000000,0.00000000000000,0.00000000000000,0.000000000
 00000,0.00000000000000,0.00000000000000,
 0.00135800000000,0.00000000000000,0.00000000000000,0.00000000000000,0.000000000
 00000,0.00000000000000,0.00000000000000,
 0.00136400000000,0.00000000000000,0.00000000000000,0.00000000000000,0.000000000
 00000,0.00000000000000,0.00000000000000,
 0.00137000000000,0.00000000000000,0.00000000000000,0.00000000000000,0.000000000
 00000,0.00000000000000,0.00000000000000,
 0.00137600000000,0.00000000000000,0.00000000000000,0.00000000000000,0.000000000
 00000,0.00000000000000,0.00000000000000,
 0.00138200000000,0.00000000000000,0.00000000000000,0.00000000000000,0.000000000
 00000,0.00000000000000,0.00000000000000,
 0.00138800000000,0.00000000000000,0.00000000000000,0.00000000000000,0.000000000
 00000,0.00000000000000,0.00000000000000,
 0.00139400000000,0.00000000000000,0.00000000000000,0.00000000000000,0.000000000
 00000,0.00000000000000,0.00000000000000,
 0.00140000000000,0.00000000000000,0.00000000000000,0.00000000000000,0.000000000
 00000,0.00000000000000,0.00000000000000,
 0.00140600000000,0.00000000000000,0.00000000000000,0.00000000000000,0.000000000
 00000,0.00000000000000,0.00000000000000,
 0.00141200000000,0.00000000000000,0.00000000000000,0.00000000000000,0.000000000
 00000,0.00000000000000,0.00000000000000,
 0.00141800000000,0.00000000000000,0.00000000000000,0.00000000000000,0.000000000
 00000,0.00000000000000,0.00000000000000,
 0.00142400000000,0.00000000000000,0.00000000000000,0.00000000000000,0.000000000
 00000,0.00000000000000,0.00000000000000,
 0.00143000000000,0.00000000000000,0.00000000000000,0.00000000000000,0.000000000
 00000,0.00000000000000,0.00000000000000,
 0.00143600000000,0.00000000000000,0.00000000000000,0.00000000000000,0.000000000
 00000,0.00000000000000,0.00000000000000,
 0.00144200000000,0.00000000000000,0.00000000000000,0.00000000000000,0.000000000
 00000,0.00000000000000,0.00000000000000,
 0.00144800000000,0.00000000000000,0.00000000000000,0.00000000000000,0.000000000
 00000,0.00000000000000,0.00000000000000,
 0.00145400000000,0.00000000000000,0.00000000000000,0.00000000000000,0.000000000
 00000,0.00000000000000,0.00000000000000,
 0.00146000000000,0.00000000000000,0.00000000000000,0.00000000000000,0.000000000
 00000,0.00000000000000,0.00000000000000,
 0.00146600000000,0.00000000000000,0.00000000000000,0.00000000000000,0.000000000
 00000,0.00000000000000,0.00000000000000,
 0.00147200000000,0.00000000000000,0.00000000000000,0.00000000000000,0.000000000
 00000,0.00000000000000,0.00000000000000,
 0.00147800000000,0.00000000000000,0.00000000000000,0.00000000000000,0.000000000
 00000,0.00000000000000,0.00000000000000,
 0.00148400000000,0.00000000000000,0.00000000000000,0.00000000000000,0.000000000
 00000,0.00000000000000,0.00000000000000,
 0.00149000000000,0.00000000000000,0.00000000000000,0.00000000000000,0.000000000
 00000,0.00000000000000,0.00000000000000,
 0.00149600000000,0.00000000000000,0.00000000000000,0.00000000000000,0.000000000
 00000,0.00000000000000,0.00000000000000,
 0.00150200000000,0.00000000000000,0.00000000000000,0.00000000000000,0.000000000
 00000,0.00000000000000,0.00000000000000,
 0.00150800000000,0.00000000000000,0.00000000000000,0.00000000000000,0.000000000
 00000,0.00000000000000,0.00000000000000,
 0.00151400000000,0.00000000000000,0.00000000000000,0.00000000000000,0.000000000
 00000,0.00000000000000,0.00000000000000,
 0.00152000000000,0.00000000000000,0.00000000000000,0.00000000000000,0.000000000
 00000,0.00000000000000,0.00000000000000,
 0.00152600000000,0.00000000000000,0.00000000000000,0.00000000000000,0.000000000
 00000,0.00000000000000,0.00000000000000,
 0.00153200000000,0.00000000000000,0.00000000000000,0.00000000000000,0.000000000
 00000,0.00000000000000,0.00000000000000,
 0.00153800000000,0.00000000000000,0.00000000000000,0.00000000000000,0.000000000
 00000,0.00000000000000,0.00000000000000,
 0.00154400000000,0.00000000000000,0.00000000000000,0.00000000000000,0.000000000
 00000,0.00000000000000,0.00000000000000,
 0.00155000000000,0.00000000000000,0.00000000000000,0.00000000000000,0.000000000
 00000,0.00000000000000,0.00000000000000,
 0.00155600000000,0.00000000000000,0.00000000000000,0.00000000000000,0.000000000
 00000,0.00000000000000,0.00000000000000,
 0.00156200000000,0.00000000000000,0.00000000000000,0.00000000000000,0.000000000
 00000,0.00000000000000,0.00000000000000,
 0.00156800000000,0.00000000000000,0.00000000000000,0.00000000000000,0.000000000
 00000,0.00000000000000,0.00000000000000,
 0.00157400000000,0.00000000000000,0.00000000000000,0.00000000000000,0.000000000
 00000,0.00000000000000,0.00000000000000,
 0.00158000000000,0.00000000000000,0.00000000000000,0.00000000000000,0.000000000
 00000,0.00000000000000,0.00000000000000,
 0.00158600000000,0.00000000000000,0.00000000000000,0.00000000000000,0.000000000
 00000,0.00000000000000,0.00000000000000,
 0.00159200000000,0.00000000000000,0.00000000000000,0.00000000000000,0.000000000
 00000,0.00000000000000,0.00000000000000,
 0.00159800000000,0.00000000000000,0.00000000000000,0.00000000000000,0.000000000
 00000,0.00000000000000,0.00000000000000,
 0.00160400000000,0.00000000000000,0.00000000000000,0.00000000000000,0.000000000
 00000,0.00000000000000,0.00000000000000,
 0.00161000000000,0.00000000000000,0.00000000000000,0.00000000000000,0.000000000
 00000,0.00000000000000,0.00000000000000,
 0.00161600000000,0.00000000000000,0.00000000000000,0.00000000000000,0.000000000
 00000,0.00000000000000,0.00000000000000,
 0.00162200000000,0.00000000000000,0.00000000000000,0.00000000000000,0.000000000
 00000,0.00000000000000,0.00000000000000,
 0.00162800000000,0.00000000000000,0.00000000000000,0.00000000000000,0.000000000
 00000,0.00000000000000,0.00000000000000,
 0.00163400000000,0.00000000000000,0.00000000000000,0.00000000000000,0.000000000
 00000,0.00000000000000,0.00000000000000,
 0.00164000000000,0.00000000000000,0.00000000000000,0.00000000000000,0.000000000
 00000,0.00000000000000,0.00000000000000,
 0.00164600000000,0.00000000000000,0.00000000000000,0.00000000000000,0.000000000
 00000,0.00000000000000,0.00000000000000,
 0.00165200000000,0.00000000000000,0.00000000000000,0.00000000000000,0.000000000
 00000,0.00000000000000,0.00000000000000,
 0.00165800000000,0.00000000000000,0.00000000000000,0.00000000000000,0.000000000
 00000,0.00000000000000,0.00000000000000,
 0.00166400000000,0.00000000000000,0.00000000000000,0.00000000000000,0.000000000
 00000,0.00000000000000,0.00000000000000,
 0.00167000000000,0.00000000000000,0.00000000000000,0.00000000000000,0.000000000
 00000,0.00000000000000,0.00000000000000,
 0.00167600000000,0.00000000000000,0.00000000000000,0.00000000000000,0.000000000
 00000,0.00000000000000,0.00000000000000,
 0.00168200000000,0.00000000000000,0.00000000000000,0.00000000000000,0.000000000
 00000,0.00000000000000,0.00000000000000,
 0.00168800000000,0.00000000000000,0.00000000000000,0.00000000000000,0.000000000
 00000,0.00000000000000,0.00000000000000,
 0.00169400000000,0.00000000000000,0.00000000000000,0.00000000000000,0.000000000
 00000,0.00000000000000,0.00000000000000,
 0.00170000000000,0.00000000000000,0.00000000000000,0.00000000000000,0.000000000
 00000,0.00000000000000,0.00000000000000,
 0.00170600000000,0.00000000000000,0.00000000000000,0.00000000000000,0.000000000
 00000,0.00000000000000,0.00000000000000,
 0.00171200000000,0.00000000000000,0.00000000000000,0.00000000000000,0.000000000
 00000,0.00000000000000,0.00000000000000,
 0.00171800000000,0.00000000000000,0.00000000000000,0.00000000000000,0.000000000
 00000,0.00000000000000,0.00000000000000,
 0.00172400000000,0.00000000000000,0.00000000000000,0.00000000000000,0.000000000
 00000,0.00000000000000,0.00000000000000,
 0.00173000000000,0.00000000000000,0.00000000000000,0.00000000000000,0.000000000
 00000,0.00000000000000,0.00000000000000,
 0.00173600000000,0.00000000000000,0.00000000000000,0.00000000000000,0.000000000
 00000,0.00000000000000,0.00000000000000,
 0.00174200000000,0.00000000000000,0.00000000000000,0.00000000000000,0.000000000
 00000,0.00000000000000,0.00000000000000,
 0.00174800000000,0.00000000000000,0.00000000000000,0.00000000000000,0.000000000
 00000,0.00000000000000,0.00000000000000,
 0.00175400000000,0.00000000000000,0.00000000000000,0.00000000000000,0.000000000
 00000,0.00000000000000,0.00000000000000,
 0.00176000000000,0.00000000000000,0.00000000000000,0.00000000000000,0.000000000
 00000,0.00000000000000,0.00000000000000,
 0.00176600000000,0.00000000000000,0.00000000000000,0.00000000000000,0.000000000
 00000,0.00000000000000,0.00000000000000,
 0.00177200000000,0.00000000000000,0.00000000000000,0.00000000000000,0.000000000
 00000,0.00000000000000,0.00000000000000,
 0.00177800000000,0.00000000000000,0.00000000000000,0.00000000000000,0.000000000
 00000,0.00000000000000,0.00000000000000,
 0.00178400000000,0.00000000000000,0.00000000000000,0.00000000000000,0.000000000
 00000,0.00000000000000,0.00000000000000,
 0.00179000000000,0.00000000000000,0.00000000000000,0.00000000000000,0.000000000
 00000,0.00000000000000,0.00000000000000,
 0.00179600000000,0.00000000000000,0.00000000000000,0.00000000000000,0.000000000
 00000,0.00000000000000,0.00000000000000,
 0.00180200000000,0.00000000000000,0.00000000000000,0.00000000000000,0.000000000
 00000,0.00000000000000,0.00000000000000,
 0.00180800000000,0.00000000000000,0.00000000000000,0.00000000000000,0.000000000
 00000,0.00000000000000,0.00000000000000,
 0.00181400000000,0.00000000000000,0.00000000000000,0.00000000000000,0.000000000
 00000,0.00000000000000,0.00000000000000,
 0.00182000000000,0.00000000000000,0.00000000000000,0.00000000000000,0.000000000
 00000,0.00000000000000,0.00000000000000,
 0.00182600000000,0.00000000000000,0.00000000000000,0.00000000000000,0.000000000
 00000,0.00000000000000,0.00000000000000,
 0.00183200000000,0.00000000000000,0.00000000000000,0.00000000000000,0.000000000
 00000,0.00000000000000,0.00000000000000,
 0.00183800000000,0.00000000000000,0.00000000000000,0.00000000000000,0.000000000
 00000,0.00000000000000,0.00000000000000,
 0.00184400000000,0.00000000000000,0.00000000000000,0.00000000000000,0.000000000
 00000,0.00000000000000,0.00000000000000,
 0.00185000000000,0.00000000000000,0.00000000000000,0.00000000000000,0.000000000
 00000,0.00000000000000,0.00000000000000,
 0.00185600000000,0.00000000000000,0.00000000000000,0.00000000000000,0.000000000
 00000,0.00000000000000,0.00000000000000,
 0.00186200000000,0.00000000000000,0.00000000000000,0.00000000000000,0.000000000
 00000,0.00000000000000,0.00000000000000,
 0.00186800000000,0.00000000000000,0.00000000000000,0.00000000000000,0.000000000
 00000,0.00000000000000,0.00000000000000,
 0.00187400000000,0.00000000000000,0.00000000000000,0.00000000000000,0.000000000
 00000,0.00000000000000,0.00000000000000,
 0.00188000000000,0.00000000000000,0.00000000000000,0.00000000000000,0.000000000
 00000,0.00000000000000,0.00000000000000,
 0.00188600000000,0.00000000000000,0.00000000000000,0.00000000000000,0.000000000
 00000,0.00000000000000,0.00000000000000,
 0.00189200000000,0.00000000000000,0.00000000000000,0.00000000000000,0.000000000
 00000,0.00000000000000,0.00000000000000,
 0.00189800000000,0.00000000000000,0.00000000000000,0.00000000000000,0.000000000
 00000,0.00000000000000,0.00000000000000,
 0.00190400000000,0.00000000000000,0.00000000000000,0.00000000000000,0.000000000
 00000,0.00000000000000,0.00000000000000,
 0.00191000000000,0.00000000000000,0.00000000000000,0.00000000000000,0.000000000
 00000,0.00000000000000,0.00000000000000,
 0.00191600000000,0.00000000000000,0.00000000000000,0.00000000000000,0.000000000
 00000,0.00000000000000,0.00000000000000,
 0.00192200000000,0.00000000000000,0.00000000000000,0.00000000000000,0.000000000
 00000,0.00000000000000,0.00000000000000,
 0.00192800000000,0.00000000000000,0.00000000000000,0.00000000000000,0.000000000
 00000,0.00000000000000,0.00000000000000,
 0.00193400000000,0.00000000000000,0.00000000000000,0.00000000000000,0.000000000
 00000,0.00000000000000,0.00000000000000,
 0.00194000000000,0.00000000000000,0.00000000000000,0.00000000000000,0.000000000
 00000,0.00000000000000,0.00000000000000,
 0.00194600000000,0.00000000000000,0.00000000000000,0.00000000000000,0.000000000
 00000,0.00000000000000,0.00000000000000,
 0.00195200000000,0.00000000000000,0.00000000000000,0.00000000000000,0.000000000
 00000,0.00000000000000,0.00000000000000,
 0.00195800000000,0.00000000000000,0.00000000000000,0.00000000000000,0.000000000
 00000,0.00000000000000,0.00000000000000,
 0.00196400000000,0.00000000000000,0.00000000000000,0.00000000000000,0.000000000
 00000,0.00000000000000,0.00000000000000,
 0.00197000000000,0.00000000000000,0.00000000000000,0.00000000000000,0.000000000
 00000,0.00000000000000,0.00000000000000,
 0.00197600000000,0.00000000000000,0.00000000000000,0.00000000000000,0.000000000
 00000,0.00000000000000,0.00000000000000,
 0.00198200000000,0.00000000000000,0.00000000000000,0.00000000000000,0.000000000
 00000,0.00000000000000,0.00000000000000,
 0.00198800000000,0.00000000000000,0.00000000000000,0.00000000000000,0.000000000
 00000,0.00000000000000,0.00000000000000,
 0.00199400000000,0.00000000000000,0.00000000000000,0.00000000000000,0.000000000
 00000,0.00000000000000,0.00000000000000,
 0.00200000000000,0.00000000000000,0.00000000000000,0.00000000000000,0.000000000
 00000,0.00000000000000,0.00000000000000,
 0.00200600000000,0.00000000000000,0.00000000000000,0.00000000000000,0.000000000
 00000,0.00000000000000,0.00000000000000,
 0.00201200000000,0.00000000000000,0.00000000000000,0.00000000000000,0.000000000
 00000,0.00000000000000,0.00000000000000,
 0.00201800000000,0.00000000000000,0.00000000000000,0.00000000000000,0.000000000
 00000,0.00000000000000,0.00000000000000,
 0.00202400000000,0.00000000000000,0.00000000000000,0.00000000000000,0.000000000
 00000,0.00000000000000,0.00000000000000,
 0.00203000000000,0.00000000000000,0.00000000000000,0.00000000000000,0.000000000
 00000,0.00000000000000,0.00000000000000,
 0.00203600000000,0.00000000000000,0.00000000000000,0.00000000000000,0.000000000
 00000,0.00000000000000,0.00000000000000,
 0.00204200000000,0.00000000000000,0.00000000000000,0.00000000000000,0.000000000
 00000,0.00000000000000,0.00000000000000,
 0.00204800000000,0.00000000000000,0.00000000000000,0.00000000000000,0.000000000
 00000,0.00000000000000,0.00000000000000,
 0.00205400000000,0.00000000000000,0.00000000000000,0.00000000000000,0.000000000
 00000,0.00000000000000,0.00000000000000,
 0.00206000000000,0.00000000000000,0.00000000000000,0.00000000000000,0.000000000
 00000,0.00000000000000,0.00000000000000,
 0.00206600000000,0.00000000000000,0.00000000000000,0.00000000000000,0.000000000
 00000,0.00000000000000,0.00000000000000,
 0.00207200000000,0.00000000000000,0.00000000000000,0.00000000000000,0.000000000
 00000,0.00000000000000,0.00000000000000,
 0.00207800000000,0.00000000000000,0.00000000000000,0.00000000000000,0.000000000
 00000,0.00000000000000,0.00000000000000,
 0.00208400000000,0.00000000000000,0.00000000000000,0.00000000000000,0.000000000
 00000,0.00000000000000,0.00000000000000,
 0.00209000000000,0.00000000000000,0.00000000000000,0.00000000000000,0.000000000
 00000,0.00000000000000,0.00000000000000,
 0.00209600000000,0.00000000000000,0.00000000000000,0.00000000000000,0.000000000
 00000,0.00000000000000,0.00000000000000,
 0.00210200000000,0.00000000000000,0.00000000000000,0.00000000000000,0.000000000
 00000,0.00000000000000,0.00000000000000,
 0.00210800000000,0.00000000000000,0.00000000000000,0.00000000000000,0.000000000
 00000,0.00000000000000,0.00000000000000,
 0.00211400000000,0.00000000000000,0.00000000000000,0.00000000000000,0.000000000
 00000,0.00000000000000,0.00000000000000,
 0.00212000000000,0.00000000000000,0.00000000000000,0.00000000000000,0.000000000
 00000,0.00000000000000,0.00000000000000,
 0.00212600000000,0.00000000000000,0.00000000000000,0.00000000000000,0.000000000
 00000,0.00000000000000,0.00000000000000,
 0.00213200000000,0.00000000000000,0.00000000000000,0.00000000000000,0.000000000
 00000,0.00000000000000,0.00000000000000,
 0.00213800000000,0.00000000000000,0.00000000000000,0.00000000000000,0.000000000
 00000,0.00000000000000,0.00000000000000,
 0.00214400000000,0.00000000000000,0.00000000000000,0.00000000000000,0.000000000
 00000,0.00000000000000,0.00000000000000,
 0.00215000000000,0.00000000000000,0.00000000000000,0.00000000000000,0.000000000
 00000,0.00000000000000,0.00000000000000,
 0.00215600000000,0.00000000000000,0.00000000000000,0.00000000000000,0.000000000
 00000,0.00000000000000,0.00000000000000,
 0.00216200000000,0.00000000000000,0.00000000000000,0.00000000000000,0.000000000
 00000,0.00000000000000,0.00000000000000,
 0.00216800000000,0.00000000000000,0.00000000000000,0.00000000000000,0.000000000
 00000,0.00000000000000,0.00000000000000,
 0.00217400000000,0.00000000000000,0.00000000000000,0.00000000000000,0.000000000
 00000,0.00000000000000,0.00000000000000,
 0.00218000000000,0.00000000000000,0.00000000000000,0.00000000000000,0.000000000
 00000,0.00000000000000,0.00000000000000,
 0.00218600000000,0.00000000000000,0.00000000000000,0.00000000000000,0.000000000
 00000,0.00000000000000,0.00000000000000,
 0.00219200000000,0.00000000000000,0.00000000000000,0.00000000000000,0.000000000
 00000,0.00000000000000,0.00000000000000,
 0.00219800000000,0.00000000000000,0.00000000000000,0.00000000000000,0.000000000
 00000,0.00000000000000,0.00000000000000,
 0.00220400000000,0.00000000000000,0.00000000000000,0.00000000000000,0.000000000
 00000,0.00000000000000,0.00000000000000,
 0.00221000000000,0.00000000000000,0.00000000000000,0.00000000000000,0.000000000
 00000,0.00000000000000,0.00000000000000,
 0.00221600000000,0.00000000000000,0.00000000000000,0.00000000000000,0.000000000
 00000,0.00000000000000,0.00000000000000,
 0.00222200000000,0.00000000000000,0.00000000000000,0.00000000000000,0.000000000
 00000,0.00000000000000,0.00000000000000,
 0.00222800000000,0.00000000000000,0.00000000000000,0.00000000000000,0.000000000
 00000,0.00000000000000,0.00000000000000,
 0.00223400000000,0.00000000000000,0.00000000000000,0.00000000000000,0.000000000
 00000,0.00000000000000,0.00000000000000,
 0.00224000000000,0.00000000000000,0.00000000000000,0.00000000000000,0.000000000
 00000,0.00000000000000,0.00000000000000,
 0.00224600000000,0.00000000000000,0.00000000000000,0.00000000000000,0.000000000
 00000,0.00000000000000,0.00000000000000,
 0.00225200000000,0.00000000000000,0.00000000000000,0.00000000000000,0.000000000
 00000,0.00000000000000,0.00000000000000,
 0.00225800000000,0.00000000000000,0.00000000000000,0.00000000000000,0.000000000
 00000,0.00000000000000,0.00000000000000,
 0.00226400000000,0.00000000000000,0.00000000000000,0.00000000000000,0.000000000
 00000,0.00000000000000,0.00000000000000,
 0.00227000000000,0.00000000000000,0.00000000000000,0.00000000000000,0.000000000
 00000,0.00000000000000,0.00000000000000,
 0.00227600000000,0.00000000000000,0.00000000000000,0.00000000000000,0.000000000
 00000,0.00000000000000,0.00000000000000,
 0.00228200000000,0.00000000000000,0.00000000000000,0.00000000000000,0.000000000
 00000,0.00000000000000,0.00000000000000,
 0.00228800000000,0.00000000000000,0.00000000000000,0.00000000000000,0.000000000
 00000,0.00000000000000,0.00000000000000,
 0.00229400000000,0.00000000000000,0.00000000000000,0.00000000000000,0.000000000
 00000,0.00000000000000,0.00000000000000,
 0.00230000000000,0.00000000000000,0.00000000000000,0.00000000000000,0.000000000
 00000,0.00000000000000,0.00000000000000,
 0.00230600000000,0.00000000000000,0.00000000000000,0.00000000000000,0.000000000
 00000,0.00000000000000,0.00000000000000,
 0.00231200000000,0.00000000000000,0.00000000000000,0.00000000000000,0.000000000
 00000,0.00000000000000,0.00000000000000,
 0.00231800000000,0.00000000000000,0.00000000000000,0.00000000000000,0.000000000
 00000,0.00000000000000,0.00000000000000,
 0.00232400000000,0.00000000000000,0.00000000000000,0.00000000000000,0.000000000
 00000,0.00000000000000,0.00000000000000,
 0.00233000000000,0.00000000000000,0.00000000000000,0.00000000000000,0.000000000
 00000,0.00000000000000,0.00000000000000,
 0.00233600000000,0.00000000000000,0.00000000000000,0.00000000000000,0.000000000
 00000,0.00000000000000,0.00000000000000,
 0.00234200000000,0.00000000000000,0.00000000000000,0.00000000000000,0.000000000
 00000,0.00000000000000,0.00000000000000,
 0.00234800000000,0.00000000000000,0.00000000000000,0.00000000000000,0.000000000
 00000,0.00000000000000,0.00000000000000,
 0.00235400000000,0.00000000000000,0.00000000000000,0.00000000000000,0.000000000
 00000,0.00000000000000,0.00000000000000,
 0.00236000000000,0.00000000000000,0.00000000000000,0.00000000000000,0.000000000
 00000,0.00000000000000,0.00000000000000,
 0.00236600000000,0.00000000000000,0.00000000000000,0.00000000000000,0.000000000
 00000,0.00000000000000,0.00000000000000,
 0.00237200000000,0.00000000000000,0.00000000000000,0.00000000000000,0.000000000
 00000,0.00000000000000,0.00000000000000,
 0.00237800000000,0.00000000000000,0.00000000000000,0.00000000000000,0.000000000
 00000,0.00000000000000,0.00000000000000,
 0.00238400000000,0.00000000000000,0.00000000000000,0.00000000000000,0.000000000
 00000,0.00000000000000,0.00000000000000,
 0.00239000000000,0.00000000000000,0.00000000000000,0.00000000000000,0.000000000
 00000,0.00000000000000,0.00000000000000,
 0.00239600000000,0.00000000000000,0.00000000000000,0.00000000000000,0.000000000
 00000,0.00000000000000,0.00000000000000,
 0.00240200000000,0.00000000000000,0.00000000000000,0.00000000000000,0.000000000
 00000,0.00000000000000,0.00000000000000,
 0.00240800000000,0.00000000000000,0.00000000000000,0.00000000000000,0.000000000
 00000,0.00000000000000,0.00000000000000,
 0.00241400000000,0.00000000000000,0.00000000000000,0.00000000000000,0.000000000
 00000,0.00000000000000,0.00000000000000,
 0.00242000000000,0.00000000000000,0.00000000000000,0.00000000000000,0.000000000
 00000,0.00000000000000,0.00000000000000,
 0.00242600000000,0.00000000000000,0.00000000000000,0.00000000000000,0.000000000
 00000,0.00000000000000,0.00000000000000,
 0.00243200000000,0.00000000000000,0.00000000000000,0.00000000000000,0.000000000
 00000,0.00000000000000,0.00000000000000,
 0.00243800000000,0.00000000000000,0.00000000000000,0.00000000000000,0.000000000
 00000,0.00000000000000,0.00000000000000,
 0.00244400000000,0.00000000000000,0.00000000000000,0.00000000000000,0.000000000
 00000,0.00000000000000,0.00000000000000,
 0.00245000000000,0.00000000000000,0.00000000000000,0.00000000000000,0.000000000
 00000,0.00000000000000,0.00000000000000,
 0.00245600000000,0.00000000000000,0.00000000000000,0.00000000000000,0.000000000
 00000,0.00000000000000,0.00000000000000,
 0.00246200000000,0.00000000000000,0.00000000000000,0.00000000000000,0.000000000
 00000,0.00000000000000,0.00000000000000,
 0.00246800000000,0.00000000000000,0.00000000000000,0.00000000000000,0.000000000
 00000,0.00000000000000,0.00000000000000,
 0.00247400000000,0.00000000000000,0.00000000000000,0.00000000000000,0.000000000
 00000,0.00000000000000,0.00000000000000,
 0.00248000000000,0.00000000000000,0.00000000000000,0.00000000000000,0.000000000
 00000,0.00000000000000,0.00000000000000,
 0.00248600000000,0.00000000000000,0.00000000000000,0.00000000000000,0.000000000
 00000,0.00000000000000,0.00000000000000,
 0.00249200000000,0.00000000000000,0.00000000000000,0.00000000000000,0.000000000
 00000,0.00000000000000,0.00000000000000,
 0.00249800000000,0.00000000000000,0.00000000000000,0.00000000000000,0.000000000
 00000,0.00000000000000,0.00000000000000,
 0.00250400000000,0.00000000000000,0.00000000000000,0.00000000000000,0.000000000
 00000,0.00000000000000,0.00000000000000,
 0.00251000000000,0.00000000000000,0.00000000000000,0.00000000000000,0.000000000
 00000,0.00000000000000,0.00000000000000,
 0.00251600000000,0.00000000000000,0.00000000000000,0.00000000000000,0.000000000
 00000,0.00000000000000,0.00000000000000,
 0.00252200000000,0.00000000000000,0.00000000000000,0.00000000000000,0.000000000
 00000,0.00000000000000,0.00000000000000,
 0.00252800000000,0.00000000000000,0.00000000000000,0.00000000000000,0.000000000
 00000,0.00000000000000,0.00000000000000,
 0.00253400000000,0.00000000000000,0.00000000000000,0.00000000000000,0.000000000
 00000,0.00000000000000,0.00000000000000,
 0.00254000000000,0.00000000000000,0.00000000000000,0.00000000000000,0.000000000
 00000,0.00000000000000,0.00000000000000,
 0.00254600000000,0.00000000000000,0.00000000000000,0.00000000000000,0.000000000
 00000,0.00000000000000,0.00000000000000,
 0.00255200000000,0.00000000000000,0.00000000000000,0.00000000000000,0.000000000
 00000,0.00000000000000,0.00000000000000,
 0.00255800000000,0.00000000000000,0.00000000000000,0.00000000000000,0.000000000
 00000,0.00000000000000,0.00000000000000,
 0.00256400000000,0.00000000000000,0.00000000000000,0.00000000000000,0.000000000
 00000,0.00000000000000,0.00000000000000,
 0.00257000000000,0.00000000000000,0.00000000000000,0.00000000000000,0.000000000
 00000,0.00000000000000,0.00000000000000,
 0.00257600000000,0.00000000000000,0.00000000000000,0.00000000000000,0.000000000
 00000,0.00000000000000,0.00000000000000,
 0.00258200000000,0.00000000000000,0.00000000000000,0.00000000000000,0.000000000
 00000,0.00000000000000,0.00000000000000,
 0.00258800000000,0.00000000000000,0.00000000000000,0.00000000000000,0.000000000
 00000,0.00000000000000,0.00000000000000,
 0.00259400000000,0.00000000000000,0.00000000000000,0.00000000000000,0.000000000
 00000,0.00000000000000,0.00000000000000,
 0.00260000000000,0.00000000000000,0.00000000000000,0.00000000000000,0.000000000
 00000,0.00000000000000,0.00000000000000,
 0.00260600000000,0.00000000000000,0.00000000000000,0.00000000000000,0.000000000
 00000,0.00000000000000,0.00000000000000,
 0.00261200000000,0.00000000000000,0.00000000000000,0.00000000000000,0.000000000
 00000,0.00000000000000,0.00000000000000,
 0.00261800000000,0.00000000000000,0.00000000000000,0.00000000000000,0.000000000
 00000,0.00000000000000,0.00000000000000,
 0.00262400000000,0.00000000000000,0.00000000000000,0.00000000000000,0.000000000
 00000,0.00000000000000,0.00000000000000,
 0.00263000000000,0.00000000000000,0.00000000000000,0.00000000000000,0.000000000
 00000,0.00000000000000,0.00000000000000,
 0.00263600000000,0.00000000000000,0.00000000000000,0.00000000000000,0.000000000
 00000,0.00000000000000,0.00000000000000,
 0.00264200000000,0.00000000000000,0.00000000000000,0.00000000000000,0.000000000
 00000,0.00000000000000,0.00000000000000,
 0.00264800000000,0.00000000000000,0.00000000000000,0.00000000000000,0.000000000
 00000,0.00000000000000,0.00000000000000,
 0.00265400000000,0.00000000000000,0.00000000000000,0.00000000000000,0.000000000
 00000,0.00000000000000,0.00000000000000,
 0.00266000000000,0.00000000000000,0.00000000000000,0.00000000000000,0.000000000
 00000,0.00000000000000,0.00000000000000,
 0.00266600000000,0.00000000000000,0.00000000000000,0.00000000000000,0.000000000
 00000,0.00000000000000,0.00000000000000,
 0.00267200000000,0.00000000000000,0.00000000000000,0.00000000000000,0.000000000
 00000,0.00000000000000,0.00000000000000,
 0.00267800000000,0.00000000000000,0.00000000000000,0.00000000000000,0.000000000
 00000,0.00000000000000,0.00000000000000,
 0.00268400000000,0.00000000000000,0.00000000000000,0.00000000000000,0.000000000
 00000,0.00000000000000,0.00000000000000,
 0.00269000000000,0.00000000000000,0.00000000000000,0.00000000000000,0.000000000
 00000,0.00000000000000,0.00000000000000,
 0.00269600000000,0.00000000000000,0.00000000000000,0.00000000000000,0.000000000
 00000,0.00000000000000,0.00000000000000,
 0.00270200000000,0.00000000000000,0.00000000000000,0.00000000000000,0.000000000
 00000,0.00000000000000,0.00000000000000,
 0.00270800000000,0.00000000000000,0.00000000000000,0.00000000000000,0.000000000
 00000,0.00000000000000,0.00000000000000,
 0.00271400000000,0.00000000000000,0.00000000000000,0.00000000000000,0.000000000
 00000,0.00000000000000,0.00000000000000,
 0.00272000000000,0.00000000000000,0.00000000000000,0.00000000000000,0.000000000
 00000,0.00000000000000,0.00000000000000,
 0.00272600000000,0.00000000000000,0.00000000000000,0.00000000000000,0.000000000
 00000,0.00000000000000,0.00000000000000,
 0.00273200000000,0.00000000000000,0.00000000000000,0.00000000000000,0.000000000
 00000,0.00000000000000,0.00000000000000,
 0.00273800000000,0.00000000000000,0.00000000000000,0.00000000000000,0.000000000
 00000,0.00000000000000,0.00000000000000,
 0.00274400000000,0.00000000000000,0.00000000000000,0.00000000000000,0.000000000
 00000,0.00000000000000,0.00000000000000,
 0.00275000000000,0.00000000000000,0.00000000000000,0.00000000000000,0.000000000
 00000,0.00000000000000,0.00000000000000,
 0.00275600000000,0.00000000000000,0.00000000000000,0.00000000000000,0.000000000
 00000,0.00000000000000,0.00000000000000,
 0.00276200000000,0.00000000000000,0.00000000000000,0.00000000000000,0.000000000
 00000,0.00000000000000,0.00000000000000,
 0.00276800000000,0.00000000000000,0.00000000000000,0.00000000000000,0.000000000
 00000,0.00000000000000,0.00000000000000,
 0.00277400000000,0.00000000000000,0.00000000000000,0.00000000000000,0.000000000
 00000,0.00000000000000,0.00000000000000,
 0.00278000000000,0.00000000000000,0.00000000000000,0.00000000000000,0.000000000
 00000,0.00000000000000,0.00000000000000,
 0.00278600000000,0.00000000000000,0.00000000000000,0.00000000000000,0.000000000
 00000,0.00000000000000,0.00000000000000,
 0.00279200000000,0.00000000000000,0.00000000000000,0.00000000000000,0.000000000
 00000,0.00000000000000,0.00000000000000,
 0.00279800000000,0.00000000000000,0.00000000000000,0.00000000000000,0.000000000
 00000,0.00000000000000,0.00000000000000,
 0.00280400000000,0.00000000000000,0.00000000000000,0.00000000000000,0.000000000
 00000,0.00000000000000,0.00000000000000,
 0.00281000000000,0.00000000000000,0.00000000000000,0.00000000000000,0.000000000
 00000,0.00000000000000,0.00000000000000,
 0.00281600000000,0.00000000000000,0.00000000000000,0.00000000000000,0.000000000
 00000,0.00000000000000,0.00000000000000,
 0.00282200000000,0.00000000000000,0.00000000000000,0.00000000000000,0.000000000
 00000,0.00000000000000,0.00000000000000,
 0.00282800000000,0.00000000000000,0.00000000000000,0.00000000000000,0.000000000
 00000,0.00000000000000,0.00000000000000,
 0.00283400000000,0.00000000000000,0.00000000000000,0.00000000000000,0.000000000
 00000,0.00000000000000,0.00000000000000,
 0.00284000000000,0.00000000000000,0.00000000000000,0.00000000000000,0.000000000
 00000,0.00000000000000,0.00000000000000,
 0.00284600000000,0.00000000000000,0.00000000000000,0.00000000000000,0.000000000
 00000,0.00000000000000,0.00000000000000,
 0.00285200000000,0.00000000000000,0.00000000000000,0.00000000000000,0.000000000
 00000,0.00000000000000,0.00000000000000,
 0.00285800000000,0.00000000000000,0.00000000000000,0.00000000000000,0.000000000
 00000,0.00000000000000,0.00000000000000,
 0.00286400000000,0.00000000000000,0.00000000000000,0.00000000000000,0.000000000
 00000,0.00000000000000,0.00000000000000,
 0.00287000000000,0.00000000000000,0.00000000000000,0.00000000000000,0.000000000
 00000,0.00000000000000,0.00000000000000,
 0.00287600000000,0.00000000000000,0.00000000000000,0.00000000000000,0.000000000
 00000,0.00000000000000,0.00000000000000,
 0.00288200000000,0.00000000000000,0.00000000000000,0.00000000000000,0.000000000
 00000,0.00000000000000,0.00000000000000,
 0.00288800000000,0.00000000000000,0.00000000000000,0.00000000000000,0.000000000
 00000,0.00000000000000,0.00000000000000,
 0.00289400000000,0.00000000000000,0.00000000000000,0.00000000000000,0.000000000
 00000,0.00000000000000,0.00000000000000,
 0.00290000000000,0.00000000000000,0.00000000000000,0.00000000000000,0.000000000
 00000,0.00000000000000,0.00000000000000,
 0.00290600000000,0.00000000000000,0.00000000000000,0.00000000000000,0.000000000
 00000,0.00000000000000,0.00000000000000,
 0.00291200000000,0.00000000000000,0.00000000000000,0.00000000000000,0.000000000
 00000,0.00000000000000,0.00000000000000,
 0.00291800000000,0.00000000000000,0.00000000000000,0.00000000000000,0.000000000
 00000,0.00000000000000,0.00000000000000,
 0.00292400000000,0.00000000000000,0.00000000000000,0.00000000000000,0.000000000
 00000,0.00000000000000,0.00000000000000,
 0.00293000000000,0.00000000000000,0.00000000000000,0.00000000000000,0.000000000
 00000,0.00000000000000,0.00000000000000,
 0.00293600000000,0.00000000000000,0.00000000000000,0.00000000000000,0.000000000
 00000,0.00000000000000,0.00000000000000,
 0.00294200000000,0.00000000000000,0.00000000000000,0.00000000000000,0.000000000
 00000,0.00000000000000,0.00000000000000,
 0.00294800000000,0.00000000000000,0.00000000000000,0.00000000000000,0.000000000
 00000,0.00000000000000,0.00000000000000,
 0.00295400000000,0.00000000000000,0.00000000000000,0.00000000000000,0.000000000
 00000,0.00000000000000,0.00000000000000,
 0.00296000000000,0.00000000000000,0.00000000000000,0.00000000000000,0.000000000
 00000,0.00000000000000,0.00000000000000,
 0.00296600000000,0.00000000000000,0.00000000000000,0.00000000000000,0.000000000
 00000,0.00000000000000,0.00000000000000,
 0.00297200000000,0.00000000000000,0.00000000000000,0.00000000000000,0.000000000
 00000,0.00000000000000,0.00000000000000,
 0.00297800000000,0.00000000000000,0.00000000000000,0.00000000000000,0.000000000
 00000,0.00000000000000,0.00000000000000,
 0.00298400000000,0.00000000000000,0.00000000000000,0.00000000000000,0.000000000
 00000,0.00000000000000,0.00000000000000,
 0.00299000000000,0.00000000000000,0.00000000000000,0.00000000000000,0.000000000
 00000,0.00000000000000,0.00000000000000,
 0.00299600000000,0.00000000000000,0.00000000000000,0.00000000000000,0.000000000
 00000,0.00000000000000,0.00000000000000,
 0.00300200000000,0.00000000000000,0.00000000000000,0.00000000000000,0.000000000
 00000,0.00000000000000,0.00000000000000,
 0.00300800000000,0.00000000000000,0.00000000000000,0.00000000000000,0.000000000
 00000,0.00000000000000,0.00000000000000,
 0.00301400000000,0.00000000000000,0.00000000000000,0.00000000000000,0.000000000
 00000,0.00000000000000,0.00000000000000,
 0.00302000000000,0.00000000000000,0.00000000000000,0.00000000000000,0.000000000
 00000,0.00000000000000,0.00000000000000,
 0.00302600000000,0.00000000000000,0.00000000000000,0.00000000000000,0.000000000
 00000,0.00000000000000,0.00000000000000,
 0.00303200000000,0.00000000000000,0.00000000000000,0.00000000000000,0.000000000
 00000,0.00000000000000,0.00000000000000,
 0.00303800000000,0.00000000000000,0.00000000000000,0.00000000000000,0.000000000
 00000,0.00000000000000,0.00000000000000,
 0.00304400000000,0.00000000000000,0.00000000000000,0.00000000000000,0.000000000
 00000,0.00000000000000,0.00000000000000,
 0.00305000000000,0.00000000000000,0.00000000000000,0.00000000000000,0.000000000
 00000,0.00000000000000,0.00000000000000,
 0.00305600000000,0.00000000000000,0.00000000000000,0.00000000000000,0.000000000
 00000,0.00000000000000,0.00000000000000,
 0.00306200000000,0.00000000000000,0.00000000000000,0.00000000000000,0.000000000
 00000,0.00000000000000,0.00000000000000,
 0.00306800000000,0.00000000000000,0.00000000000000,0.00000000000000,0.000000000
 00000,0.00000000000000,0.00000000000000,
 0.00307400000000,0.00000000000000,0.00000000000000,0.00000000000000,0.000000000
 00000,0.00000000000000,0.00000000000000,
 0.00308000000000,0.00000000000000,0.00000000000000,0.00000000000000,0.000000000
 00000,0.00000000000000,0.00000000000000,
 0.00308600000000,0.00000000000000,0.00000000000000,0.00000000000000,0.000000000
 00000,0.00000000000000,0.00000000000000,
 0.00309200000000,0.00000000000000,0.00000000000000,0.00000000000000,0.000000000
 00000,0.00000000000000,0.00000000000000,
 0.00309800000000,0.00000000000000,0.00000000000000,0.00000000000000,0.000000000
 00000,0.00000000000000,0.00000000000000,
 0.00310400000000,0.00000000000000,0.00000000000000,0.00000000000000,0.000000000
 00000,0.00000000000000,0.00000000000000,
 0.00311000000000,0.00000000000000,0.00000000000000,0.00000000000000,0.000000000
 00000,0.00000000000000,0.00000000000000,
 0.00311600000000,0.00000000000000,0.00000000000000,0.00000000000000,0.000000000
 00000,0.00000000000000,0.00000000000000,
 0.00312200000000,0.00000000000000,0.00000000000000,0.00000000000000,0.000000000
 00000,0.00000000000000,0.00000000000000,
 0.00312800000000,0.00000000000000,0.00000000000000,0.00000000000000,0.000000000
 00000,0.00000000000000,0.00000000000000,
 0.00313400000000,0.00000000000000,0.00000000000000,0.00000000000000,0.000000000
 00000,0.00000000000000,0.00000000000000,
 0.00314000000000,0.00000000000000,0.00000000000000,0.00000000000000,0.000000000
 00000,0.00000000000000,0.00000000000000,
 0.00314600000000,0.00000000000000,0.00000000000000,0.00000000000000,0.000000000
 00000,0.00000000000000,0.00000000000000,
 0.00315200000000,0.00000000000000,0.00000000000000,0.00000000000000,0.000000000
 00000,0.00000000000000,0.00000000000000,
 0.00315800000000,0.00000000000000,0.00000000000000,0.00000000000000,0.000000000
 00000,0.00000000000000,0.00000000000000,
 0.00316400000000,0.00000000000000,0.00000000000000,0.00000000000000,0.000000000
 00000,0.00000000000000,0.00000000000000,
 0.00317000000000,0.00000000000000,0.00000000000000,0.00000000000000,0.000000000
 00000,0.00000000000000,0.00000000000000,
 0.00317600000000,0.00000000000000,0.00000000000000,0.00000000000000,0.000000000
 00000,0.00000000000000,0.00000000000000,
 0.00318200000000,0.00000000000000,0.00000000000000,0.00000000000000,0.000000000
 00000,0.00000000000000,0.00000000000000,
 0.00318800000000,0.00000000000000,0.00000000000000,0.00000000000000,0.000000000
 00000,0.00000000000000,0.00000000000000,
 0.00319400000000,0.00000000000000,0.00000000000000,0.00000000000000,0.000000000
 00000,0.00000000000000,0.00000000000000,
 0.00320000000000,0.00000000000000,0.00000000000000,0.00000000000000,0.000000000
 00000,0.00000000000000,0.00000000000000,
 0.00320600000000,0.00000000000000,0.00000000000000,0.00000000000000,0.000000000
 00000,0.00000000000000,0.00000000000000,
 0.00321200000000,0.00000000000000,0.00000000000000,0.00000000000000,0.000000000
 00000,0.00000000000000,0.00000000000000,
 0.00321800000000,0.00000000000000,0.00000000000000,0.00000000000000,0.000000000
 00000,0.00000000000000,0.00000000000000,
 0.00322400000000,0.00000000000000,0.00000000000000,0.00000000000000,0.000000000
 00000,0.00000000000000,0.00000000000000,
 0.00323000000000,0.00000000000000,0.00000000000000,0.00000000000000,0.000000000
 00000,0.00000000000000,0.00000000000000,
 0.00323600000000,0.00000000000000,0.00000000000000,0.00000000000000,0.000000000
 00000,0.00000000000000,0.00000000000000,
 0.00324200000000,0.00000000000000,0.00000000000000,0.00000000000000,0.000000000
 00000,0.00000000000000,0.00000000000000,
 0.00324800000000,0.00000000000000,0.00000000000000,0.00000000000000,0.000000000
 00000,0.00000000000000,0.00000000000000,
 0.00325400000000,0.00000000000000,0.00000000000000,0.00000000000000,0.000000000
 00000,0.00000000000000,0.00000000000000,
 0.00326000000000,0.00000000000000,0.00000000000000,0.00000000000000,0.000000000
 00000,0.00000000000000,0.00000000000000,
 0.00326600000000,0.00000000000000,0.00000000000000,0.00000000000000,0.000000000
 00000,0.00000000000000,0.00000000000000,
 0.00327200000000,0.00000000000000,0.00000000000000,0.00000000000000,0.000000000
 00000,0.00000000000000,0.00000000000000,
 0.00327800000000,0.00000000000000,0.00000000000000,0.00000000000000,0.000000000
 00000,0.00000000000000,0.00000000000000,
 0.00328400000000,0.00000000000000,0.00000000000000,0.00000000000000,0.000000000
 00000,0.00000000000000,0.00000000000000,
 0.00329000000000,0.00000000000000,0.00000000000000,0.00000000000000,0.000000000
 00000,0.00000000000000,0.00000000000000,
 0.00329600000000,0.00000000000000,0.00000000000000,0.00000000000000,0.000000000
 00000,0.00000000000000,0.00000000000000,
 0.00330200000000,0.00000000000000,0.00000000000000,0.00000000000000,0.000000000
 00000,0.00000000000000,0.00000000000000,
 0.00330800000000,0.00000000000000,0.00000000000000,0.00000000000000,0.000000000
 00000,0.00000000000000,0.00000000000000,
 0.00331400000000,0.00000000000000,0.00000000000000,0.00000000000000,0.000000000
 00000,0.00000000000000,0.00000000000000,
 0.00332000000000,0.00000000000000,0.00000000000000,0.00000000000000,0.000000000
 00000,0.00000000000000,0.00000000000000,
 0.00332600000000,0.00000000000000,0.00000000000000,0.00000000000000,0.000000000
 00000,0.00000000000000,0.00000000000000,
 0.00333200000000,0.00000000000000,0.00000000000000,0.00000000000000,0.000000000
 00000,0.00000000000000,0.00000000000000,
 0.00333800000000,0.00000000000000,0.00000000000000,0.00000000000000,0.000000000
 00000,0.00000000000000,0.00000000000000,
 0.00334400000000,0.00000000000000,0.00000000000000,0.00000000000000,0.000000000
 00000,0.00000000000000,0.00000000000000,
 0.00335000000000,0.00000000000000,0.00000000000000,0.00000000000000,0.000000000
 00000,0.00000000000000,0.00000000000000,
 0.00335600000000,0.00000000000000,0.00000000000000,0.00000000000000,0.000000000
 00000,0.00000000000000,0.00000000000000,
 0.00336200000000,0.00000000000000,0.00000000000000,0.00000000000000,0.000000000
 00000,0.00000000000000,0.00000000000000,
 0.00336800000000,0.00000000000000,0.00000000000000,0.00000000000000,0.000000000
 00000,0.00000000000000,0.00000000000000,
 0.00337400000000,0.00000000000000,0.00000000000000,0.00000000000000,0.000000000
 00000,0.00000000000000,0.00000000000000,
 0.00338000000000,0.00000000000000,0.00000000000000,0.00000000000000,0.000000000
 00000,0.00000000000000,0.00000000000000,
 0.00338600000000,0.00000000000000,0.00000000000000,0.00000000000000,0.000000000
 00000,0.00000000000000,0.00000000000000,
 0.00339200000000,0.00000000000000,0.00000000000000,0.00000000000000,0.000000000
 00000,0.00000000000000,0.00000000000000,
 0.00339800000000,0.00000000000000,0.00000000000000,0.00000000000000,0.000000000
 00000,0.00000000000000,0.00000000000000,
 0.00340400000000,0.00000000000000,0.00000000000000,0.00000000000000,0.000000000
 00000,0.00000000000000,0.00000000000000,
 0.00341000000000,0.00000000000000,0.00000000000000,0.00000000000000,0.000000000
 00000,0.00000000000000,0.00000000000000,
 0.00341600000000,0.00000000000000,0.00000000000000,0.00000000000000,0.000000000
 00000,0.00000000000000,0.00000000000000,
 0.00342200000000,0.00000000000000,0.00000000000000,0.00000000000000,0.000000000
 00000,0.00000000000000,0.00000000000000,
 0.00342800000000,0.00000000000000,0.00000000000000,0.00000000000000,0.000000000
 00000,0.00000000000000,0.00000000000000,
 0.00343400000000,0.00000000000000,0.00000000000000,0.00000000000000,0.000000000
 00000,0.00000000000000,0.00000000000000,
 0.00344000000000,0.00000000000000,0.00000000000000,0.00000000000000,0.000000000
 00000,0.00000000000000,0.00000000000000,
 0.00344600000000,0.00000000000000,0.00000000000000,0.00000000000000,0.000000000
 00000,0.00000000000000,0.00000000000000,
 0.00345200000000,0.00000000000000,0.00000000000000,0.00000000000000,0.000000000
 00000,0.00000000000000,0.00000000000000,
 0.00345800000000,0.00000000000000,0.00000000000000,0.00000000000000,0.000000000
 00000,0.00000000000000,0.00000000000000,
 0.00346400000000,0.00000000000000,0.00000000000000,0.00000000000000,0.000000000
 00000,0.00000000000000,0.00000000000000,
 0.00347000000000,0.00000000000000,0.00000000000000,0.00000000000000,0.000000000
 00000,0.00000000000000,0.00000000000000,
 0.00347600000000,0.00000000000000,0.00000000000000,0.00000000000000,0.000000000
 00000,0.00000000000000,0.00000000000000,
 0.00348200000000,0.00000000000000,0.00000000000000,0.00000000000000,0.000000000
 00000,0.00000000000000,0.00000000000000,
 0.00348800000000,0.00000000000000,0.00000000000000,0.00000000000000,0.000000000
 00000,0.00000000000000,0.00000000000000,
 0.00349400000000,0.00000000000000,0.00000000000000,0.00000000000000,0.000000000
 00000,0.00000000000000,0.00000000000000,
 0.00350000000000,0.00000000000000,0.00000000000000,0.00000000000000,0.000000000
 00000,0.00000000000000,0.00000000000000,
 0.00350600000000,0.00000000000000,0.00000000000000,0.00000000000000,0.000000000
 00000,0.00000000000000,0.00000000000000,
 0.00351200000000,0.00000000000000,0.00000000000000,0.00000000000000,0.000000000
 00000,0.00000000000000,0.00000000000000,
 0.00351800000000,0.00000000000000,0.00000000000000,0.00000000000000,0.000000000
 00000,0.00000000000000,0.00000000000000,
 0.00352400000000,0.00000000000000,0.00000000000000,0.00000000000000,0.000000000
 00000,0.00000000000000,0.00000000000000,
 0.00353000000000,0.00000000000000,0.00000000000000,0.00000000000000,0.000000000
 00000,0.00000000000000,0.00000000000000,
 0.00353600000000,0.00000000000000,0.00000000000000,0.00000000000000,0.000000000
 00000,0.00000000000000,0.00000000000000,
 0.00354200000000,0.00000000000000,0.00000000000000,0.00000000000000,0.000000000
 00000,0.00000000000000,0.00000000000000,
 0.00354800000000,0.00000000000000,0.00000000000000,0.00000000000000,0.000000000
 00000,0.00000000000000,0.00000000000000,
 0.00355400000000,0.00000000000000,0.00000000000000,0.00000000000000,0.000000000
 00000,0.00000000000000,0.00000000000000,
 0.00356000000000,0.00000000000000,0.00000000000000,0.00000000000000,0.000000000
 00000,0.00000000000000,0.00000000000000,
 0.00356600000000,0.00000000000000,0.00000000000000,0.00000000000000,0.000000000
 00000,0.00000000000000,0.00000000000000,
 0.00357200000000,0.00000000000000,0.00000000000000,0.00000000000000,0.000000000
 00000,0.00000000000000,0.00000000000000,
 0.00357800000000,0.00000000000000,0.00000000000000,0.00000000000000,0.000000000
 00000,0.00000000000000,0.00000000000000,
 0.00358400000000,0.00000000000000,0.00000000000000,0.00000000000000,0.000000000
 00000,0.00000000000000,0.00000000000000,
 0.00359000000000,0.00000000000000,0.00000000000000,0.00000000000000,0.000000000
 00000,0.00000000000000,0.00000000000000,
 0.00359600000000,0.00000000000000,0.00000000000000,0.00000000000000,0.000000000
 00000,0.00000000000000,0.00000000000000,
 0.00360200000000,0.00000000000000,0.00000000000000,0.00000000000000,0.000000000
 00000,0.00000000000000,0.00000000000000,
 0.00360800000000,0.00000000000000,0.00000000000000,0.00000000000000,0.000000000
 00000,0.00000000000000,0.00000000000000,
 0.00361400000000,0.00000000000000,0.00000000000000,0.00000000000000,0.000000000
 00000,0.00000000000000,0.00000000000000,
 0.00362000000000,0.00000000000000,0.00000000000000,0.00000000000000,0.000000000
 00000,0.00000000000000,0.00000000000000,
 0.00362600000000,0.00000000000000,0.00000000000000,0.00000000000000,0.000000000
 00000,0.00000000000000,0.00000000000000,
 0.00363200000000,0.00000000000000,0.00000000000000,0.00000000000000,0.000000000
 00000,0.00000000000000,0.00000000000000,
 0.00363800000000,0.00000000000000,0.00000000000000,0.00000000000000,0.000000000
 00000,0.00000000000000,0.00000000000000,
 0.00364400000000,0.00000000000000,0.00000000000000,0.00000000000000,0.000000000
 00000,0.00000000000000,0.00000000000000,
 0.00365000000000,0.00000000000000,0.00000000000000,0.00000000000000,0.000000000
 00000,0.00000000000000,0.00000000000000,
 0.00365600000000,0.00000000000000,0.00000000000000,0.00000000000000,0.000000000
 00000,0.00000000000000,0.00000000000000,
 0.00366200000000,0.00000000000000,0.00000000000000,0.00000000000000,0.000000000
 00000,0.00000000000000,0.00000000000000,
 0.00366800000000,0.00000000000000,0.00000000000000,0.00000000000000,0.000000000
 00000,0.00000000000000,0.00000000000000,
 0.00367400000000,0.00000000000000,0.00000000000000,0.00000000000000,0.000000000
 00000,0.00000000000000,0.00000000000000,
 0.00368000000000,0.00000000000000,0.00000000000000,0.00000000000000,0.000000000
 00000,0.00000000000000,0.00000000000000,
 0.00368600000000,0.00000000000000,0.00000000000000,0.00000000000000,0.000000000
 00000,0.00000000000000,0.00000000000000,
 0.00369200000000,0.00000000000000,0.00000000000000,0.00000000000000,0.000000000
 00000,0.00000000000000,0.00000000000000,
 0.00369800000000,0.00000000000000,0.00000000000000,0.00000000000000,0.000000000
 00000,0.00000000000000,0.00000000000000,
 0.00370400000000,0.00000000000000,0.00000000000000,0.00000000000000,0.000000000
 00000,0.00000000000000,0.00000000000000,
 0.00371000000000,0.00000000000000,0.00000000000000,0.00000000000000,0.000000000
 00000,0.00000000000000,0.00000000000000,
 0.00371600000000,0.00000000000000,0.00000000000000,0.00000000000000,0.000000000
 00000,0.00000000000000,0.00000000000000,
 0.00372200000000,0.00000000000000,0.00000000000000,0.00000000000000,0.000000000
 00000,0.00000000000000,0.00000000000000,
 0.00372800000000,0.00000000000000,0.00000000000000,0.00000000000000,0.000000000
 00000,0.00000000000000,0.00000000000000,
 0.00373400000000,0.00000000000000,0.00000000000000,0.00000000000000,0.000000000
 00000,0.00000000000000,0.00000000000000,
 0.00374000000000,0.00000000000000,0.00000000000000,0.00000000000000,0.000000000
 00000,0.00000000000000,0.00000000000000,
 0.00374600000000,0.00000000000000,0.00000000000000,0.00000000000000,0.000000000
 00000,0.00000000000000,0.00000000000000,
 0.00375200000000,0.00000000000000,0.00000000000000,0.00000000000000,0.000000000
 00000,0.00000000000000,0.00000000000000,
 0.00375800000000,0.00000000000000,0.00000000000000,0.00000000000000,0.000000000
 00000,0.00000000000000,0.00000000000000,
 0.00376400000000,0.00000000000000,0.00000000000000,0.00000000000000,0.000000000
 00000,0.00000000000000,0.00000000000000,
 0.00377000000000,0.00000000000000,0.00000000000000,0.00000000000000,0.000000000
 00000,0.00000000000000,0.00000000000000,
 0.00377600000000,0.00000000000000,0.00000000000000,0.00000000000000,0.000000000
 00000,0.00000000000000,0.00000000000000,
 0.00378200000000,0.00000000000000,0.00000000000000,0.00000000000000,0.000000000
 00000,0.00000000000000,0.00000000000000,
 0.00378800000000,0.00000000000000,0.00000000000000,0.00000000000000,0.000000000
 00000,0.00000000000000,0.00000000000000,
 0.00379400000000,0.00000000000000,0.00000000000000,0.00000000000000,0.000000000
 00000,0.00000000000000,0.00000000000000,
 0.00380000000000,0.00000000000000,0.00000000000000,0.00000000000000,0.000000000
 00000,0.00000000000000,0.00000000000000,
 0.00380600000000,0.00000000000000,0.00000000000000,0.00000000000000,0.000000000
 00000,0.00000000000000,0.00000000000000,
 0.00381200000000,0.00000000000000,0.00000000000000,0.00000000000000,0.000000000
 00000,0.00000000000000,0.00000000000000,
 0.00381800000000,0.00000000000000,0.00000000000000,0.00000000000000,0.000000000
 00000,0.00000000000000,0.00000000000000,
 0.00382400000000,0.00000000000000,0.00000000000000,0.00000000000000,0.000000000
 00000,0.00000000000000,0.00000000000000,
 0.00383000000000,0.00000000000000,0.00000000000000,0.00000000000000,0.000000000
 00000,0.00000000000000,0.00000000000000,
 0.00383600000000,0.00000000000000,0.00000000000000,0.00000000000000,0.000000000
 00000,0.00000000000000,0.00000000000000,
 0.00384200000000,0.00000000000000,0.00000000000000,0.00000000000000,0.000000000
 00000,0.00000000000000,0.00000000000000,
 0.00384800000000,0.00000000000000,0.00000000000000,0.00000000000000,0.000000000
 00000,0.00000000000000,0.00000000000000,
 0.00385400000000,0.00000000000000,0.00000000000000,0.00000000000000,0.000000000
 00000,0.00000000000000,0.00000000000000,
 0.00386000000000,0.00000000000000,0.00000000000000,0.00000000000000,0.000000000
 00000,0.00000000000000,0.00000000000000,
 0.00386600000000,0.00000000000000,0.00000000000000,0.00000000000000,0.000000000
 00000,0.00000000000000,0.00000000000000,
 0.00387200000000,0.00000000000000,0.00000000000000,0.00000000000000,0.000000000
 00000,0.00000000000000,0.00000000000000,
 0.00387800000000,0.00000000000000,0.00000000000000,0.00000000000000,0.000000000
 00000,0.00000000000000,0.00000000000000,
 0.00388400000000,0.00000000000000,0.00000000000000,0.00000000000000,0.000000000
 00000,0.00000000000000,0.00000000000000,
 0.00389000000000,0.00000000000000,0.00000000000000,0.00000000000000,0.000000000
 00000,0.00000000000000,0.00000000000000,
 0.00389600000000,0.00000000000000,0.00000000000000,0.00000000000000,0.000000000
 00000,0.00000000000000,0.00000000000000,
 0.00390200000000,0.00000000000000,0.00000000000000,0.00000000000000,0.000000000
 00000,0.00000000000000,0.00000000000000,
 0.00390800000000,0.00000000000000,0.00000000000000,0.00000000000000,0.000000000
 00000,0.00000000000000,0.00000000000000,
 0.00391400000000,0.00000000000000,0.00000000000000,0.00000000000000,0.000000000
 00000,0.00000000000000,0.00000000000000,
 0.00392000000000,0.00000000000000,0.00000000000000,0.00000000000000,0.000000000
 00000,0.00000000000000,0.00000000000000,
 0.00392600000000,0.00000000000000,0.00000000000000,0.00000000000000,0.000000000
 00000,0.00000000000000,0.00000000000000,
 0.00393200000000,0.00000000000000,0.00000000000000,0.00000000000000,0.000000000
 00000,0.00000000000000,0.00000000000000,
 0.00393800000000,0.00000000000000,0.00000000000000,0.00000000000000,0.000000000
 00000,0.00000000000000,0.00000000000000,
 0.00394400000000,0.00000000000000,0.00000000000000,0.00000000000000,0.000000000
 00000,0.00000000000000,0.00000000000000,
 0.00395000000000,0.00000000000000,0.00000000000000,0.00000000000000,0.000000000
 00000,0.00000000000000,0.00000000000000,
 0.00395600000000,0.00000000000000,0.00000000000000,0.00000000000000,0.000000000
 00000,0.00000000000000,0.00000000000000,
 0.00396200000000,0.00000000000000,0.00000000000000,0.00000000000000,0.000000000
 00000,0.00000000000000,0.00000000000000,
 0.00396800000000,0.00000000000000,0.00000000000000,0.00000000000000,0.000000000
 00000,0.00000000000000,0.00000000000000,
 0.00397400000000,0.00000000000000,0.00000000000000,0.00000000000000,0.000000000
 00000,0.00000000000000,0.00000000000000,
 0.00398000000000,0.00000000000000,0.00000000000000,0.00000000000000,0.000000000
 00000,0.00000000000000,0.00000000000000,
 0.00398600000000,0.00000000000000,0.00000000000000,0.00000000000000,0.000000000
 00000,0.00000000000000,0.00000000000000,
 0.00399200000000,0.00000000000000,0.00000000000000,0.00000000000000,0.000000000
 00000,0.00000000000000,0.00000000000000,
 0.00399800000000,0.00000000000000,0.00000000000000,0.00000000000000,0.000000000
 00000,0.00000000000000,0.00000000000000,
 0.00400400000000,0.00000000000000,0.00000000000000,0.00000000000000,0.000000000
 00000,0.00000000000000,0.00000000000000,
 0.00401000000000,0.00000000000000,0.00000000000000,0.00000000000000,0.000000000
 00000,0.00000000000000,0.00000000000000,
 0.00401600000000,0.00000000000000,0.00000000000000,0.00000000000000,0.000000000
 00000,0.00000000000000,0.00000000000000,
 0.00402200000000,0.00000000000000,0.00000000000000,0.00000000000000,0.000000000
 00000,0.00000000000000,0.00000000000000,
 0.00402800000000,0.00000000000000,0.00000000000000,0.00000000000000,0.000000000
 00000,0.00000000000000,0.00000000000000,
 0.00403400000000,0.00000000000000,0.00000000000000,0.00000000000000,0.000000000
 00000,0.00000000000000,0.00000000000000,
 0.00404000000000,0.00000000000000,0.00000000000000,0.00000000000000,0.000000000
 00000,0.00000000000000,0.00000000000000,
 0.00404600000000,0.00000000000000,0.00000000000000,0.00000000000000,0.000000000
 00000,0.00000000000000,0.00000000000000,
 0.00405200000000,0.00000000000000,0.00000000000000,0.00000000000000,0.000000000
 00000,0.00000000000000,0.00000000000000,
 0.00405800000000,0.00000000000000,0.00000000000000,0.00000000000000,0.000000000
 00000,0.00000000000000,0.00000000000000,
 0.00406400000000,0.00000000000000,0.00000000000000,0.00000000000000,0.000000000
 00000,0.00000000000000,0.00000000000000,
 0.00407000000000,0.00000000000000,0.00000000000000,0.00000000000000,0.000000000
 00000,0.00000000000000,0.00000000000000,
 0.00407600000000,0.00000000000000,0.00000000000000,0.00000000000000,0.000000000
 00000,0.00000000000000,0.00000000000000,
 0.00408200000000,0.00000000000000,0.00000000000000,0.00000000000000,0.000000000
 00000,0.00000000000000,0.00000000000000,
 0.00408800000000,0.00000000000000,0.00000000000000,0.00000000000000,0.000000000
 00000,0.00000000000000,0.00000000000000,
 0.00409400000000,0.00000000000000,0.00000000000000,0.00000000000000,0.000000000
 00000,0.00000000000000,0.00000000000000,
 0.00410000000000,0.00000000000000,0.00000000000000,0.00000000000000,0.000000000
 00000,0.00000000000000,0.00000000000000,
 0.00410600000000,0.00000000000000,0.00000000000000,0.00000000000000,0.000000000
 00000,0.00000000000000,0.00000000000000,
 0.00411200000000,0.00000000000000,0.00000000000000,0.00000000000000,0.000000000
 00000,0.00000000000000,0.00000000000000,
 0.00411800000000,0.00000000000000,0.00000000000000,0.00000000000000,0.000000000
 00000,0.00000000000000,0.00000000000000,
 0.00412400000000,0.00000000000000,0.00000000000000,0.00000000000000,0.000000000
 00000,0.00000000000000,0.00000000000000,
 0.00413000000000,0.00000000000000,0.00000000000000,0.00000000000000,0.000000000
 00000,0.00000000000000,0.00000000000000,
 0.00413600000000,0.00000000000000,0.00000000000000,0.00000000000000,0.000000000
 00000,0.00000000000000,0.00000000000000,
 0.00414200000000,0.00000000000000,0.00000000000000,0.00000000000000,0.000000000
 00000,0.00000000000000,0.00000000000000,
 0.00414800000000,0.00000000000000,0.00000000000000,0.00000000000000,0.000000000
 00000,0.00000000000000,0.00000000000000,
 0.00415400000000,0.00000000000000,0.00000000000000,0.00000000000000,0.000000000
 00000,0.00000000000000,0.00000000000000,
 0.00416000000000,0.00000000000000,0.00000000000000,0.00000000000000,0.000000000
 00000,0.00000000000000,0.00000000000000,
 0.00416600000000,0.00000000000000,0.00000000000000,0.00000000000000,0.000000000
 00000,0.00000000000000,0.00000000000000,
 0.00417200000000,0.00000000000000,0.00000000000000,0.00000000000000,0.000000000
 00000,0.00000000000000,0.00000000000000,
 0.00417800000000,0.00000000000000,0.00000000000000,0.00000000000000,0.000000000
 00000,0.00000000000000,0.00000000000000,
 0.00418400000000,0.00000000000000,0.00000000000000,0.00000000000000,0.000000000
 00000,0.00000000000000,0.00000000000000,
 0.00419000000000,0.00000000000000,0.00000000000000,0.00000000000000,0.000000000
 00000,0.00000000000000,0.00000000000000,
 0.00419600000000,0.00000000000000,0.00000000000000,0.00000000000000,0.000000000
 00000,0.00000000000000,0.00000000000000,
 0.00420200000000,0.00000000000000,0.00000000000000,0.00000000000000,0.000000000
 00000,0.00000000000000,0.00000000000000,
 0.00420800000000,0.00000000000000,0.00000000000000,0.00000000000000,0.000000000
 00000,0.00000000000000,0.00000000000000,
 0.00421400000000,0.00000000000000,0.00000000000000,0.00000000000000,0.000000000
 00000,0.00000000000000,0.00000000000000,
 0.00422000000000,0.00000000000000,0.00000000000000,0.00000000000000,0.000000000
 00000,0.00000000000000,0.00000000000000,
 0.00422600000000,0.00000000000000,0.00000000000000,0.00000000000000,0.000000000
 00000,0.00000000000000,0.00000000000000,
 0.00423200000000,0.00000000000000,0.00000000000000,0.00000000000000,0.000000000
 00000,0.00000000000000,0.00000000000000,
 0.00423800000000,0.00000000000000,0.00000000000000,0.00000000000000,0.000000000
 00000,0.00000000000000,0.00000000000000,
 0.00424400000000,0.00000000000000,0.00000000000000,0.00000000000000,0.000000000
 00000,0.00000000000000,0.00000000000000,
 0.00425000000000,0.00000000000000,0.00000000000000,0.00000000000000,0.000000000
 00000,0.00000000000000,0.00000000000000,
 0.00425600000000,0.00000000000000,0.00000000000000,0.00000000000000,0.000000000
 00000,0.00000000000000,0.00000000000000,
 0.00426200000000,0.00000000000000,0.00000000000000,0.00000000000000,0.000000000
 00000,0.00000000000000,0.00000000000000,
 0.00426800000000,0.00000000000000,0.00000000000000,0.00000000000000,0.000000000
 00000,0.00000000000000,0.00000000000000,
 0.00427400000000,0.00000000000000,0.00000000000000,0.00000000000000,0.000000000
 00000,0.00000000000000,0.00000000000000,
 0.00428000000000,0.00000000000000,0.00000000000000,0.00000000000000,0.000000000
 00000,0.00000000000000,0.00000000000000,
 0.00428600000000,0.00000000000000,0.00000000000000,0.00000000000000,0.000000000
 00000,0.00000000000000,0.00000000000000,
 0.00429200000000,0.00000000000000,0.00000000000000,0.00000000000000,0.000000000
 00000,0.00000000000000,0.00000000000000,
 0.00429800000000,0.00000000000000,0.00000000000000,0.00000000000000,0.000000000
 00000,0.00000000000000,0.00000000000000,
 0.00430400000000,0.00000000000000,0.00000000000000,0.00000000000000,0.000000000
 00000,0.00000000000000,0.00000000000000,
 0.00431000000000,0.00000000000000,0.00000000000000,0.00000000000000,0.000000000
 00000,0.00000000000000,0.00000000000000,
 0.00431600000000,0.00000000000000,0.00000000000000,0.00000000000000,0.000000000
 00000,0.00000000000000,0.00000000000000,
 0.00432200000000,0.00000000000000,0.00000000000000,0.00000000000000,0.000000000
 00000,0.00000000000000,0.00000000000000,
 0.00432800000000,0.00000000000000,0.00000000000000,0.00000000000000,0.000000000
 00000,0.00000000000000,0.00000000000000,
 0.00433400000000,0.00000000000000,0.00000000000000,0.00000000000000,0.000000000
 00000,0.00000000000000,0.00000000000000,
 0.00434000000000,0.00000000000000,0.00000000000000,0.00000000000000,0.000000000
 00000,0.00000000000000,0.00000000000000,
 0.00434600000000,0.00000000000000,0.00000000000000,0.00000000000000,0.000000000
 00000,0.00000000000000,0.00000000000000,
 0.00435200000000,0.00000000000000,0.00000000000000,0.00000000000000,0.000000000
 00000,0.00000000000000,0.00000000000000,
 0.00435800000000,0.00000000000000,0.00000000000000,0.00000000000000,0.000000000
 00000,0.00000000000000,0.00000000000000,
 0.00436400000000,0.00000000000000,0.00000000000000,0.00000000000000,0.000000000
 00000,0.00000000000000,0.00000000000000,
 0.00437000000000,0.00000000000000,0.00000000000000,0.00000000000000,0.000000000
 00000,0.00000000000000,0.00000000000000,
 0.00437600000000,0.00000000000000,0.00000000000000,0.00000000000000,0.000000000
 00000,0.00000000000000,0.00000000000000,
 0.00438200000000,0.00000000000000,0.00000000000000,0.00000000000000,0.000000000
 00000,0.00000000000000,0.00000000000000,
 0.00438800000000,0.00000000000000,0.00000000000000,0.00000000000000,0.000000000
 00000,0.00000000000000,0.00000000000000,
 0.00439400000000,0.00000000000000,0.00000000000000,0.00000000000000,0.000000000
 00000,0.00000000000000,0.00000000000000,
 0.00440000000000,0.00000000000000,0.00000000000000,0.00000000000000,0.000000000
 00000,0.00000000000000,0.00000000000000,
 0.00440600000000,0.00000000000000,0.00000000000000,0.00000000000000,0.000000000
 00000,0.00000000000000,0.00000000000000,
 0.00441200000000,0.00000000000000,0.00000000000000,0.00000000000000,0.000000000
 00000,0.00000000000000,0.00000000000000,
 0.00441800000000,0.00000000000000,0.00000000000000,0.00000000000000,0.000000000
 00000,0.00000000000000,0.00000000000000,
 0.00442400000000,0.00000000000000,0.00000000000000,0.00000000000000,0.000000000
 00000,0.00000000000000,0.00000000000000,
 0.00443000000000,0.00000000000000,0.00000000000000,0.00000000000000,0.000000000
 00000,0.00000000000000,0.00000000000000,
 0.00443600000000,0.00000000000000,0.00000000000000,0.00000000000000,0.000000000
 00000,0.00000000000000,0.00000000000000,
 0.00444200000000,0.00000000000000,0.00000000000000,0.00000000000000,0.000000000
 00000,0.00000000000000,0.00000000000000,
 0.00444800000000,0.00000000000000,0.00000000000000,0.00000000000000,0.000000000
 00000,0.00000000000000,0.00000000000000,
 0.00445400000000,0.00000000000000,0.00000000000000,0.00000000000000,0.000000000
 00000,0.00000000000000,0.00000000000000,
 0.00446000000000,0.00000000000000,0.00000000000000,0.00000000000000,0.000000000
 00000,0.00000000000000,0.00000000000000,
 0.00446600000000,0.00000000000000,0.00000000000000,0.00000000000000,0.000000000
 00000,0.00000000000000,0.00000000000000,
 0.00447200000000,0.00000000000000,0.00000000000000,0.00000000000000,0.000000000
 00000,0.00000000000000,0.00000000000000,
 0.00447800000000,0.00000000000000,0.00000000000000,0.00000000000000,0.000000000
 00000,0.00000000000000,0.00000000000000,
 0.00448400000000,0.00000000000000,0.00000000000000,0.00000000000000,0.000000000
 00000,0.00000000000000,0.00000000000000,
 0.00449000000000,0.00000000000000,0.00000000000000,0.00000000000000,0.000000000
 00000,0.00000000000000,0.00000000000000,
