 This file contains the values of coefficients of velocity dependent collision f
 requency and the time stamp:
 Time		Coefficients 1, ... , Order_nu
 0.00020000000000,0.00000000000000,0.00000000000000,0.00000000000000,0.000000000
 00000,0.00000000000000,0.00000000000000,
 0.00035000000000,0.00000000000000,0.00000000000000,0.00000000000000,0.000000000
 00000,0.00000000000000,0.00000000000000,
 0.00050000000000,0.00000000000000,0.00000000000000,0.00000000000000,0.000000000
 00000,0.00000000000000,0.00000000000000,
 0.00065000000000,0.00000000000000,0.00000000000000,0.00000000000000,0.000000000
 00000,0.00000000000000,0.00000000000000,
 0.00080000000000,0.00000000000000,0.00000000000000,0.00000000000000,0.000000000
 00000,0.00000000000000,0.00000000000000,
 0.00095000000000,0.00000000000000,0.00000000000000,0.00000000000000,0.000000000
 00000,0.00000000000000,0.00000000000000,
 0.00110000000000,0.00000000000000,0.00000000000000,0.00000000000000,0.000000000
 00000,0.00000000000000,0.00000000000000,
 0.00125000000000,0.00000000000000,0.00000000000000,0.00000000000000,0.000000000
 00000,0.00000000000000,0.00000000000000,
 0.00140000000000,0.00000000000000,0.00000000000000,0.00000000000000,0.000000000
 00000,0.00000000000000,0.00000000000000,
 0.00155000000000,0.00000000000000,0.00000000000000,0.00000000000000,0.000000000
 00000,0.00000000000000,0.00000000000000,
 0.00170000000000,0.00000000000000,0.00000000000000,0.00000000000000,0.000000000
 00000,0.00000000000000,0.00000000000000,
 0.00185000000000,0.00000000000000,0.00000000000000,0.00000000000000,0.000000000
 00000,0.00000000000000,0.00000000000000,
 0.00200000000000,0.00000000000000,0.00000000000000,0.00000000000000,0.000000000
 00000,0.00000000000000,0.00000000000000,
 0.00215000000000,0.00000000000000,0.00000000000000,0.00000000000000,0.000000000
 00000,0.00000000000000,0.00000000000000,
 0.00230000000000,0.00000000000000,0.00000000000000,0.00000000000000,0.000000000
 00000,0.00000000000000,0.00000000000000,
 0.00245000000000,0.00000000000000,0.00000000000000,0.00000000000000,0.000000000
 00000,0.00000000000000,0.00000000000000,
 0.00260000000000,0.00000000000000,0.00000000000000,0.00000000000000,0.000000000
 00000,0.00000000000000,0.00000000000000,
 0.00275000000000,0.00000000000000,0.00000000000000,0.00000000000000,0.000000000
 00000,0.00000000000000,0.00000000000000,
 0.00290000000000,0.00000000000000,0.00000000000000,0.00000000000000,0.000000000
 00000,0.00000000000000,0.00000000000000,
 0.00305000000000,0.00000000000000,0.00000000000000,0.00000000000000,0.000000000
 00000,0.00000000000000,0.00000000000000,
 0.00320000000000,0.00000000000000,0.00000000000000,0.00000000000000,0.000000000
 00000,0.00000000000000,0.00000000000000,
 0.00335000000000,0.00000000000000,0.00000000000000,0.00000000000000,0.000000000
 00000,0.00000000000000,0.00000000000000,
 0.00350000000000,0.00000000000000,0.00000000000000,0.00000000000000,0.000000000
 00000,0.00000000000000,0.00000000000000,
 0.00365000000000,0.00000000000000,0.00000000000000,0.00000000000000,0.000000000
 00000,0.00000000000000,0.00000000000000,
 0.00380000000000,0.00000000000000,0.00000000000000,0.00000000000000,0.000000000
 00000,0.00000000000000,0.00000000000000,
 0.00395000000000,0.00000000000000,0.00000000000000,0.00000000000000,0.000000000
 00000,0.00000000000000,0.00000000000000,
 0.00410000000000,0.00000000000000,0.00000000000000,0.00000000000000,0.000000000
 00000,0.00000000000000,0.00000000000000,
 0.00425000000000,0.00000000000000,0.00000000000000,0.00000000000000,0.000000000
 00000,0.00000000000000,0.00000000000000,
 0.00440000000000,0.00000000000000,0.00000000000000,0.00000000000000,0.000000000
 00000,0.00000000000000,0.00000000000000,
 0.00455000000000,0.00000000000000,0.00000000000000,0.00000000000000,0.000000000
 00000,0.00000000000000,0.00000000000000,
 0.00470000000000,0.00000000000000,0.00000000000000,0.00000000000000,0.000000000
 00000,0.00000000000000,0.00000000000000,
 0.00485000000000,0.00000000000000,0.00000000000000,0.00000000000000,0.000000000
 00000,0.00000000000000,0.00000000000000,
 0.00500000000000,0.00000000000000,0.00000000000000,0.00000000000000,0.000000000
 00000,0.00000000000000,0.00000000000000,
 0.00515000000000,0.00000000000000,0.00000000000000,0.00000000000000,0.000000000
 00000,0.00000000000000,0.00000000000000,
 0.00530000000000,0.00000000000000,0.00000000000000,0.00000000000000,0.000000000
 00000,0.00000000000000,0.00000000000000,
 0.00545000000000,0.00000000000000,0.00000000000000,0.00000000000000,0.000000000
 00000,0.00000000000000,0.00000000000000,
 0.00560000000000,0.00000000000000,0.00000000000000,0.00000000000000,0.000000000
 00000,0.00000000000000,0.00000000000000,
 0.00575000000000,0.00000000000000,0.00000000000000,0.00000000000000,0.000000000
 00000,0.00000000000000,0.00000000000000,
 0.00590000000000,0.00000000000000,0.00000000000000,0.00000000000000,0.000000000
 00000,0.00000000000000,0.00000000000000,
 0.00605000000000,0.00000000000000,0.00000000000000,0.00000000000000,0.000000000
 00000,0.00000000000000,0.00000000000000,
 0.00620000000000,0.00000000000000,0.00000000000000,0.00000000000000,0.000000000
 00000,0.00000000000000,0.00000000000000,
 0.00635000000000,0.00000000000000,0.00000000000000,0.00000000000000,0.000000000
 00000,0.00000000000000,0.00000000000000,
 0.00650000000000,0.00000000000000,0.00000000000000,0.00000000000000,0.000000000
 00000,0.00000000000000,0.00000000000000,
 0.00665000000000,0.00000000000000,0.00000000000000,0.00000000000000,0.000000000
 00000,0.00000000000000,0.00000000000000,
 0.00680000000000,0.00000000000000,0.00000000000000,0.00000000000000,0.000000000
 00000,0.00000000000000,0.00000000000000,
 0.00695000000000,0.00000000000000,0.00000000000000,0.00000000000000,0.000000000
 00000,0.00000000000000,0.00000000000000,
 0.00710000000000,0.00000000000000,0.00000000000000,0.00000000000000,0.000000000
 00000,0.00000000000000,0.00000000000000,
 0.00725000000000,0.00000000000000,0.00000000000000,0.00000000000000,0.000000000
 00000,0.00000000000000,0.00000000000000,
 0.00740000000000,0.00000000000000,0.00000000000000,0.00000000000000,0.000000000
 00000,0.00000000000000,0.00000000000000,
 0.00755000000000,0.00000000000000,0.00000000000000,0.00000000000000,0.000000000
 00000,0.00000000000000,0.00000000000000,
 0.00770000000000,0.00000000000000,0.00000000000000,0.00000000000000,0.000000000
 00000,0.00000000000000,0.00000000000000,
 0.00785000000000,0.00000000000000,0.00000000000000,0.00000000000000,0.000000000
 00000,0.00000000000000,0.00000000000000,
 0.00800000000000,0.00000000000000,0.00000000000000,0.00000000000000,0.000000000
 00000,0.00000000000000,0.00000000000000,
 0.00815000000000,0.00000000000000,0.00000000000000,0.00000000000000,0.000000000
 00000,0.00000000000000,0.00000000000000,
 0.00830000000000,0.00000000000000,0.00000000000000,0.00000000000000,0.000000000
 00000,0.00000000000000,0.00000000000000,
 0.00845000000000,0.00000000000000,0.00000000000000,0.00000000000000,0.000000000
 00000,0.00000000000000,0.00000000000000,
 0.00860000000000,0.00000000000000,0.00000000000000,0.00000000000000,0.000000000
 00000,0.00000000000000,0.00000000000000,
 0.00875000000000,0.00000000000000,0.00000000000000,0.00000000000000,0.000000000
 00000,0.00000000000000,0.00000000000000,
 0.00890000000000,0.00000000000000,0.00000000000000,0.00000000000000,0.000000000
 00000,0.00000000000000,0.00000000000000,
 0.00905000000000,0.00000000000000,0.00000000000000,0.00000000000000,0.000000000
 00000,0.00000000000000,0.00000000000000,
 0.00920000000000,0.00000000000000,0.00000000000000,0.00000000000000,0.000000000
 00000,0.00000000000000,0.00000000000000,
 0.00935000000000,0.00000000000000,0.00000000000000,0.00000000000000,0.000000000
 00000,0.00000000000000,0.00000000000000,
 0.00950000000000,0.00000000000000,0.00000000000000,0.00000000000000,0.000000000
 00000,0.00000000000000,0.00000000000000,
 0.00965000000000,0.00000000000000,0.00000000000000,0.00000000000000,0.000000000
 00000,0.00000000000000,0.00000000000000,
 0.00980000000000,0.00000000000000,0.00000000000000,0.00000000000000,0.000000000
 00000,0.00000000000000,0.00000000000000,
 0.00995000000000,0.00000000000000,0.00000000000000,0.00000000000000,0.000000000
 00000,0.00000000000000,0.00000000000000,
 0.01010000000000,0.00000000000000,0.00000000000000,0.00000000000000,0.000000000
 00000,0.00000000000000,0.00000000000000,
 0.01025000000000,0.00000000000000,0.00000000000000,0.00000000000000,0.000000000
 00000,0.00000000000000,0.00000000000000,
 0.01040000000000,0.00000000000000,0.00000000000000,0.00000000000000,0.000000000
 00000,0.00000000000000,0.00000000000000,
 0.01055000000000,0.00000000000000,0.00000000000000,0.00000000000000,0.000000000
 00000,0.00000000000000,0.00000000000000,
 0.01070000000000,0.00000000000000,0.00000000000000,0.00000000000000,0.000000000
 00000,0.00000000000000,0.00000000000000,
 0.01085000000000,0.00000000000000,0.00000000000000,0.00000000000000,0.000000000
 00000,0.00000000000000,0.00000000000000,
 0.01100000000000,0.00000000000000,0.00000000000000,0.00000000000000,0.000000000
 00000,0.00000000000000,0.00000000000000,
 0.01115000000000,0.00000000000000,0.00000000000000,0.00000000000000,0.000000000
 00000,0.00000000000000,0.00000000000000,
 0.01130000000000,0.00000000000000,0.00000000000000,0.00000000000000,0.000000000
 00000,0.00000000000000,0.00000000000000,
 0.01145000000000,0.00000000000000,0.00000000000000,0.00000000000000,0.000000000
 00000,0.00000000000000,0.00000000000000,
 0.01160000000000,0.00000000000000,0.00000000000000,0.00000000000000,0.000000000
 00000,0.00000000000000,0.00000000000000,
 0.01175000000000,0.00000000000000,0.00000000000000,0.00000000000000,0.000000000
 00000,0.00000000000000,0.00000000000000,
 0.01190000000000,0.00000000000000,0.00000000000000,0.00000000000000,0.000000000
 00000,0.00000000000000,0.00000000000000,
 0.01205000000000,0.00000000000000,0.00000000000000,0.00000000000000,0.000000000
 00000,0.00000000000000,0.00000000000000,
 0.01220000000000,0.00000000000000,0.00000000000000,0.00000000000000,0.000000000
 00000,0.00000000000000,0.00000000000000,
 0.01235000000000,0.00000000000000,0.00000000000000,0.00000000000000,0.000000000
 00000,0.00000000000000,0.00000000000000,
 0.01250000000000,0.00000000000000,0.00000000000000,0.00000000000000,0.000000000
 00000,0.00000000000000,0.00000000000000,
 0.01265000000000,0.00000000000000,0.00000000000000,0.00000000000000,0.000000000
 00000,0.00000000000000,0.00000000000000,
 0.01280000000000,0.00000000000000,0.00000000000000,0.00000000000000,0.000000000
 00000,0.00000000000000,0.00000000000000,
 0.01295000000000,0.00000000000000,0.00000000000000,0.00000000000000,0.000000000
 00000,0.00000000000000,0.00000000000000,
 0.01310000000000,0.00000000000000,0.00000000000000,0.00000000000000,0.000000000
 00000,0.00000000000000,0.00000000000000,
 0.01325000000000,0.00000000000000,0.00000000000000,0.00000000000000,0.000000000
 00000,0.00000000000000,0.00000000000000,
 0.01340000000000,0.00000000000000,0.00000000000000,0.00000000000000,0.000000000
 00000,0.00000000000000,0.00000000000000,
 0.01355000000000,0.00000000000000,0.00000000000000,0.00000000000000,0.000000000
 00000,0.00000000000000,0.00000000000000,
 0.01370000000000,0.00000000000000,0.00000000000000,0.00000000000000,0.000000000
 00000,0.00000000000000,0.00000000000000,
 0.01385000000000,0.00000000000000,0.00000000000000,0.00000000000000,0.000000000
 00000,0.00000000000000,0.00000000000000,
 0.01400000000000,0.00000000000000,0.00000000000000,0.00000000000000,0.000000000
 00000,0.00000000000000,0.00000000000000,
 0.01415000000000,0.00000000000000,0.00000000000000,0.00000000000000,0.000000000
 00000,0.00000000000000,0.00000000000000,
 0.01430000000000,0.00000000000000,0.00000000000000,0.00000000000000,0.000000000
 00000,0.00000000000000,0.00000000000000,
 0.01445000000000,0.00000000000000,0.00000000000000,0.00000000000000,0.000000000
 00000,0.00000000000000,0.00000000000000,
 0.01460000000000,0.00000000000000,0.00000000000000,0.00000000000000,0.000000000
 00000,0.00000000000000,0.00000000000000,
 0.01475000000000,0.00000000000000,0.00000000000000,0.00000000000000,0.000000000
 00000,0.00000000000000,0.00000000000000,
 0.01490000000000,0.00000000000000,0.00000000000000,0.00000000000000,0.000000000
 00000,0.00000000000000,0.00000000000000,
 0.01505000000000,0.00000000000000,0.00000000000000,0.00000000000000,0.000000000
 00000,0.00000000000000,0.00000000000000,
 0.01520000000000,0.00000000000000,0.00000000000000,0.00000000000000,0.000000000
 00000,0.00000000000000,0.00000000000000,
 0.01535000000000,0.00000000000000,0.00000000000000,0.00000000000000,0.000000000
 00000,0.00000000000000,0.00000000000000,
 0.01550000000000,0.00000000000000,0.00000000000000,0.00000000000000,0.000000000
 00000,0.00000000000000,0.00000000000000,
 0.01565000000000,0.00000000000000,0.00000000000000,0.00000000000000,0.000000000
 00000,0.00000000000000,0.00000000000000,
 0.01580000000000,0.00000000000000,0.00000000000000,0.00000000000000,0.000000000
 00000,0.00000000000000,0.00000000000000,
 0.01595000000000,0.00000000000000,0.00000000000000,0.00000000000000,0.000000000
 00000,0.00000000000000,0.00000000000000,
 0.01610000000000,0.00000000000000,0.00000000000000,0.00000000000000,0.000000000
 00000,0.00000000000000,0.00000000000000,
 0.01625000000000,0.00000000000000,0.00000000000000,0.00000000000000,0.000000000
 00000,0.00000000000000,0.00000000000000,
 0.01640000000000,0.00000000000000,0.00000000000000,0.00000000000000,0.000000000
 00000,0.00000000000000,0.00000000000000,
 0.01655000000000,0.00000000000000,0.00000000000000,0.00000000000000,0.000000000
 00000,0.00000000000000,0.00000000000000,
 0.01670000000000,0.00000000000000,0.00000000000000,0.00000000000000,0.000000000
 00000,0.00000000000000,0.00000000000000,
 0.01685000000000,0.00000000000000,0.00000000000000,0.00000000000000,0.000000000
 00000,0.00000000000000,0.00000000000000,
 0.01700000000000,0.00000000000000,0.00000000000000,0.00000000000000,0.000000000
 00000,0.00000000000000,0.00000000000000,
 0.01715000000000,0.00000000000000,0.00000000000000,0.00000000000000,0.000000000
 00000,0.00000000000000,0.00000000000000,
 0.01730000000000,0.00000000000000,0.00000000000000,0.00000000000000,0.000000000
 00000,0.00000000000000,0.00000000000000,
 0.01745000000000,0.00000000000000,0.00000000000000,0.00000000000000,0.000000000
 00000,0.00000000000000,0.00000000000000,
 0.01760000000000,0.00000000000000,0.00000000000000,0.00000000000000,0.000000000
 00000,0.00000000000000,0.00000000000000,
 0.01775000000000,0.00000000000000,0.00000000000000,0.00000000000000,0.000000000
 00000,0.00000000000000,0.00000000000000,
 0.01790000000000,0.00000000000000,0.00000000000000,0.00000000000000,0.000000000
 00000,0.00000000000000,0.00000000000000,
 0.01805000000000,0.00000000000000,0.00000000000000,0.00000000000000,0.000000000
 00000,0.00000000000000,0.00000000000000,
 0.01820000000000,0.00000000000000,0.00000000000000,0.00000000000000,0.000000000
 00000,0.00000000000000,0.00000000000000,
 0.01835000000000,0.00000000000000,0.00000000000000,0.00000000000000,0.000000000
 00000,0.00000000000000,0.00000000000000,
 0.01850000000000,0.00000000000000,0.00000000000000,0.00000000000000,0.000000000
 00000,0.00000000000000,0.00000000000000,
 0.01865000000000,0.00000000000000,0.00000000000000,0.00000000000000,0.000000000
 00000,0.00000000000000,0.00000000000000,
 0.01880000000000,0.00000000000000,0.00000000000000,0.00000000000000,0.000000000
 00000,0.00000000000000,0.00000000000000,
 0.01895000000000,0.00000000000000,0.00000000000000,0.00000000000000,0.000000000
 00000,0.00000000000000,0.00000000000000,
 0.01910000000000,0.00000000000000,0.00000000000000,0.00000000000000,0.000000000
 00000,0.00000000000000,0.00000000000000,
 0.01925000000000,0.00000000000000,0.00000000000000,0.00000000000000,0.000000000
 00000,0.00000000000000,0.00000000000000,
 0.01940000000000,0.00000000000000,0.00000000000000,0.00000000000000,0.000000000
 00000,0.00000000000000,0.00000000000000,
 0.01955000000000,0.00000000000000,0.00000000000000,0.00000000000000,0.000000000
 00000,0.00000000000000,0.00000000000000,
 0.01970000000000,0.00000000000000,0.00000000000000,0.00000000000000,0.000000000
 00000,0.00000000000000,0.00000000000000,
 0.01985000000000,0.00000000000000,0.00000000000000,0.00000000000000,0.000000000
 00000,0.00000000000000,0.00000000000000,
 0.02000000000000,0.00000000000000,0.00000000000000,0.00000000000000,0.000000000
 00000,0.00000000000000,0.00000000000000,
 0.02015000000000,0.00000000000000,0.00000000000000,0.00000000000000,0.000000000
 00000,0.00000000000000,0.00000000000000,
 0.02030000000000,0.00000000000000,0.00000000000000,0.00000000000000,0.000000000
 00000,0.00000000000000,0.00000000000000,
 0.02045000000000,0.00000000000000,0.00000000000000,0.00000000000000,0.000000000
 00000,0.00000000000000,0.00000000000000,
 0.02060000000000,0.00000000000000,0.00000000000000,0.00000000000000,0.000000000
 00000,0.00000000000000,0.00000000000000,
 0.02075000000000,0.00000000000000,0.00000000000000,0.00000000000000,0.000000000
 00000,0.00000000000000,0.00000000000000,
 0.02090000000000,0.00000000000000,0.00000000000000,0.00000000000000,0.000000000
 00000,0.00000000000000,0.00000000000000,
 0.02105000000000,0.00000000000000,0.00000000000000,0.00000000000000,0.000000000
 00000,0.00000000000000,0.00000000000000,
 0.02120000000000,0.00000000000000,0.00000000000000,0.00000000000000,0.000000000
 00000,0.00000000000000,0.00000000000000,
 0.02135000000000,0.00000000000000,0.00000000000000,0.00000000000000,0.000000000
 00000,0.00000000000000,0.00000000000000,
 0.02150000000000,0.00000000000000,0.00000000000000,0.00000000000000,0.000000000
 00000,0.00000000000000,0.00000000000000,
 0.02165000000000,0.00000000000000,0.00000000000000,0.00000000000000,0.000000000
 00000,0.00000000000000,0.00000000000000,
 0.02180000000000,0.00000000000000,0.00000000000000,0.00000000000000,0.000000000
 00000,0.00000000000000,0.00000000000000,
 0.02195000000000,0.00000000000000,0.00000000000000,0.00000000000000,0.000000000
 00000,0.00000000000000,0.00000000000000,
 0.02210000000000,0.00000000000000,0.00000000000000,0.00000000000000,0.000000000
 00000,0.00000000000000,0.00000000000000,
 0.02225000000000,0.00000000000000,0.00000000000000,0.00000000000000,0.000000000
 00000,0.00000000000000,0.00000000000000,
 0.02240000000000,0.00000000000000,0.00000000000000,0.00000000000000,0.000000000
 00000,0.00000000000000,0.00000000000000,
 0.02255000000000,0.00000000000000,0.00000000000000,0.00000000000000,0.000000000
 00000,0.00000000000000,0.00000000000000,
 0.02270000000000,0.00000000000000,0.00000000000000,0.00000000000000,0.000000000
 00000,0.00000000000000,0.00000000000000,
 0.02285000000000,0.00000000000000,0.00000000000000,0.00000000000000,0.000000000
 00000,0.00000000000000,0.00000000000000,
 0.02300000000000,0.00000000000000,0.00000000000000,0.00000000000000,0.000000000
 00000,0.00000000000000,0.00000000000000,
 0.02315000000000,0.00000000000000,0.00000000000000,0.00000000000000,0.000000000
 00000,0.00000000000000,0.00000000000000,
 0.02330000000000,0.00000000000000,0.00000000000000,0.00000000000000,0.000000000
 00000,0.00000000000000,0.00000000000000,
 0.02345000000000,0.00000000000000,0.00000000000000,0.00000000000000,0.000000000
 00000,0.00000000000000,0.00000000000000,
 0.02360000000000,0.00000000000000,0.00000000000000,0.00000000000000,0.000000000
 00000,0.00000000000000,0.00000000000000,
 0.02375000000000,0.00000000000000,0.00000000000000,0.00000000000000,0.000000000
 00000,0.00000000000000,0.00000000000000,
 0.02390000000000,0.00000000000000,0.00000000000000,0.00000000000000,0.000000000
 00000,0.00000000000000,0.00000000000000,
 0.02405000000000,0.00000000000000,0.00000000000000,0.00000000000000,0.000000000
 00000,0.00000000000000,0.00000000000000,
 0.02420000000000,0.00000000000000,0.00000000000000,0.00000000000000,0.000000000
 00000,0.00000000000000,0.00000000000000,
 0.02435000000000,0.00000000000000,0.00000000000000,0.00000000000000,0.000000000
 00000,0.00000000000000,0.00000000000000,
 0.02450000000000,0.00000000000000,0.00000000000000,0.00000000000000,0.000000000
 00000,0.00000000000000,0.00000000000000,
 0.02465000000000,0.00000000000000,0.00000000000000,0.00000000000000,0.000000000
 00000,0.00000000000000,0.00000000000000,
 0.02480000000000,0.00000000000000,0.00000000000000,0.00000000000000,0.000000000
 00000,0.00000000000000,0.00000000000000,
 0.02495000000000,0.00000000000000,0.00000000000000,0.00000000000000,0.000000000
 00000,0.00000000000000,0.00000000000000,
 0.02510000000000,0.00000000000000,0.00000000000000,0.00000000000000,0.000000000
 00000,0.00000000000000,0.00000000000000,
 0.02525000000000,0.00000000000000,0.00000000000000,0.00000000000000,0.000000000
 00000,0.00000000000000,0.00000000000000,
 0.02540000000000,0.00000000000000,0.00000000000000,0.00000000000000,0.000000000
 00000,0.00000000000000,0.00000000000000,
 0.02555000000000,0.00000000000000,0.00000000000000,0.00000000000000,0.000000000
 00000,0.00000000000000,0.00000000000000,
 0.02570000000000,0.00000000000000,0.00000000000000,0.00000000000000,0.000000000
 00000,0.00000000000000,0.00000000000000,
 0.02585000000000,0.00000000000000,0.00000000000000,0.00000000000000,0.000000000
 00000,0.00000000000000,0.00000000000000,
 0.02600000000000,0.00000000000000,0.00000000000000,0.00000000000000,0.000000000
 00000,0.00000000000000,0.00000000000000,
 0.02615000000000,0.00000000000000,0.00000000000000,0.00000000000000,0.000000000
 00000,0.00000000000000,0.00000000000000,
 0.02630000000000,0.00000000000000,0.00000000000000,0.00000000000000,0.000000000
 00000,0.00000000000000,0.00000000000000,
 0.02645000000000,0.00000000000000,0.00000000000000,0.00000000000000,0.000000000
 00000,0.00000000000000,0.00000000000000,
 0.02660000000000,0.00000000000000,0.00000000000000,0.00000000000000,0.000000000
 00000,0.00000000000000,0.00000000000000,
 0.02675000000000,0.00000000000000,0.00000000000000,0.00000000000000,0.000000000
 00000,0.00000000000000,0.00000000000000,
 0.02690000000000,0.00000000000000,0.00000000000000,0.00000000000000,0.000000000
 00000,0.00000000000000,0.00000000000000,
 0.02705000000000,0.00000000000000,0.00000000000000,0.00000000000000,0.000000000
 00000,0.00000000000000,0.00000000000000,
 0.02720000000000,0.00000000000000,0.00000000000000,0.00000000000000,0.000000000
 00000,0.00000000000000,0.00000000000000,
 0.02735000000000,0.00000000000000,0.00000000000000,0.00000000000000,0.000000000
 00000,0.00000000000000,0.00000000000000,
 0.02750000000000,0.00000000000000,0.00000000000000,0.00000000000000,0.000000000
 00000,0.00000000000000,0.00000000000000,
 0.02765000000000,0.00000000000000,0.00000000000000,0.00000000000000,0.000000000
 00000,0.00000000000000,0.00000000000000,
 0.02780000000000,0.00000000000000,0.00000000000000,0.00000000000000,0.000000000
 00000,0.00000000000000,0.00000000000000,
 0.02795000000000,0.00000000000000,0.00000000000000,0.00000000000000,0.000000000
 00000,0.00000000000000,0.00000000000000,
 0.02810000000000,0.00000000000000,0.00000000000000,0.00000000000000,0.000000000
 00000,0.00000000000000,0.00000000000000,
 0.02825000000000,0.00000000000000,0.00000000000000,0.00000000000000,0.000000000
 00000,0.00000000000000,0.00000000000000,
 0.02840000000000,0.00000000000000,0.00000000000000,0.00000000000000,0.000000000
 00000,0.00000000000000,0.00000000000000,
 0.02855000000000,0.00000000000000,0.00000000000000,0.00000000000000,0.000000000
 00000,0.00000000000000,0.00000000000000,
 0.02870000000000,0.00000000000000,0.00000000000000,0.00000000000000,0.000000000
 00000,0.00000000000000,0.00000000000000,
 0.02885000000000,0.00000000000000,0.00000000000000,0.00000000000000,0.000000000
 00000,0.00000000000000,0.00000000000000,
 0.02900000000000,0.00000000000000,0.00000000000000,0.00000000000000,0.000000000
 00000,0.00000000000000,0.00000000000000,
 0.02915000000000,0.00000000000000,0.00000000000000,0.00000000000000,0.000000000
 00000,0.00000000000000,0.00000000000000,
 0.02930000000000,0.00000000000000,0.00000000000000,0.00000000000000,0.000000000
 00000,0.00000000000000,0.00000000000000,
 0.02945000000000,0.00000000000000,0.00000000000000,0.00000000000000,0.000000000
 00000,0.00000000000000,0.00000000000000,
 0.02960000000000,0.00000000000000,0.00000000000000,0.00000000000000,0.000000000
 00000,0.00000000000000,0.00000000000000,
 0.02975000000000,0.00000000000000,0.00000000000000,0.00000000000000,0.000000000
 00000,0.00000000000000,0.00000000000000,
 0.02990000000000,0.00000000000000,0.00000000000000,0.00000000000000,0.000000000
 00000,0.00000000000000,0.00000000000000,
 0.03005000000000,0.00000000000000,0.00000000000000,0.00000000000000,0.000000000
 00000,0.00000000000000,0.00000000000000,
 0.03020000000000,0.00000000000000,0.00000000000000,0.00000000000000,0.000000000
 00000,0.00000000000000,0.00000000000000,
 0.03035000000000,0.00000000000000,0.00000000000000,0.00000000000000,0.000000000
 00000,0.00000000000000,0.00000000000000,
 0.03050000000000,0.00000000000000,0.00000000000000,0.00000000000000,0.000000000
 00000,0.00000000000000,0.00000000000000,
 0.03065000000000,0.00000000000000,0.00000000000000,0.00000000000000,0.000000000
 00000,0.00000000000000,0.00000000000000,
 0.03080000000000,0.00000000000000,0.00000000000000,0.00000000000000,0.000000000
 00000,0.00000000000000,0.00000000000000,
 0.03095000000000,0.00000000000000,0.00000000000000,0.00000000000000,0.000000000
 00000,0.00000000000000,0.00000000000000,
 0.03110000000000,0.00000000000000,0.00000000000000,0.00000000000000,0.000000000
 00000,0.00000000000000,0.00000000000000,
 0.03125000000000,0.00000000000000,0.00000000000000,0.00000000000000,0.000000000
 00000,0.00000000000000,0.00000000000000,
 0.03140000000000,0.00000000000000,0.00000000000000,0.00000000000000,0.000000000
 00000,0.00000000000000,0.00000000000000,
 0.03155000000000,0.00000000000000,0.00000000000000,0.00000000000000,0.000000000
 00000,0.00000000000000,0.00000000000000,
 0.03170000000000,0.00000000000000,0.00000000000000,0.00000000000000,0.000000000
 00000,0.00000000000000,0.00000000000000,
 0.03185000000000,0.00000000000000,0.00000000000000,0.00000000000000,0.000000000
 00000,0.00000000000000,0.00000000000000,
 0.03200000000000,0.00000000000000,0.00000000000000,0.00000000000000,0.000000000
 00000,0.00000000000000,0.00000000000000,
 0.03215000000000,0.00000000000000,0.00000000000000,0.00000000000000,0.000000000
 00000,0.00000000000000,0.00000000000000,
 0.03230000000000,0.00000000000000,0.00000000000000,0.00000000000000,0.000000000
 00000,0.00000000000000,0.00000000000000,
 0.03245000000000,0.00000000000000,0.00000000000000,0.00000000000000,0.000000000
 00000,0.00000000000000,0.00000000000000,
 0.03260000000000,0.00000000000000,0.00000000000000,0.00000000000000,0.000000000
 00000,0.00000000000000,0.00000000000000,
 0.03275000000000,0.00000000000000,0.00000000000000,0.00000000000000,0.000000000
 00000,0.00000000000000,0.00000000000000,
 0.03290000000000,0.00000000000000,0.00000000000000,0.00000000000000,0.000000000
 00000,0.00000000000000,0.00000000000000,
 0.03305000000000,0.00000000000000,0.00000000000000,0.00000000000000,0.000000000
 00000,0.00000000000000,0.00000000000000,
 0.03320000000000,0.00000000000000,0.00000000000000,0.00000000000000,0.000000000
 00000,0.00000000000000,0.00000000000000,
 0.03335000000000,0.00000000000000,0.00000000000000,0.00000000000000,0.000000000
 00000,0.00000000000000,0.00000000000000,
 0.03350000000000,0.00000000000000,0.00000000000000,0.00000000000000,0.000000000
 00000,0.00000000000000,0.00000000000000,
 0.03365000000000,0.00000000000000,0.00000000000000,0.00000000000000,0.000000000
 00000,0.00000000000000,0.00000000000000,
 0.03380000000000,0.00000000000000,0.00000000000000,0.00000000000000,0.000000000
 00000,0.00000000000000,0.00000000000000,
 0.03395000000000,0.00000000000000,0.00000000000000,0.00000000000000,0.000000000
 00000,0.00000000000000,0.00000000000000,
 0.03410000000000,0.00000000000000,0.00000000000000,0.00000000000000,0.000000000
 00000,0.00000000000000,0.00000000000000,
 0.03425000000000,0.00000000000000,0.00000000000000,0.00000000000000,0.000000000
 00000,0.00000000000000,0.00000000000000,
 0.03440000000000,0.00000000000000,0.00000000000000,0.00000000000000,0.000000000
 00000,0.00000000000000,0.00000000000000,
 0.03455000000000,0.00000000000000,0.00000000000000,0.00000000000000,0.000000000
 00000,0.00000000000000,0.00000000000000,
 0.03470000000000,0.00000000000000,0.00000000000000,0.00000000000000,0.000000000
 00000,0.00000000000000,0.00000000000000,
 0.03485000000000,0.00000000000000,0.00000000000000,0.00000000000000,0.000000000
 00000,0.00000000000000,0.00000000000000,
 0.03500000000000,0.00000000000000,0.00000000000000,0.00000000000000,0.000000000
 00000,0.00000000000000,0.00000000000000,
 0.03515000000000,0.00000000000000,0.00000000000000,0.00000000000000,0.000000000
 00000,0.00000000000000,0.00000000000000,
 0.03530000000000,0.00000000000000,0.00000000000000,0.00000000000000,0.000000000
 00000,0.00000000000000,0.00000000000000,
 0.03545000000000,0.00000000000000,0.00000000000000,0.00000000000000,0.000000000
 00000,0.00000000000000,0.00000000000000,
 0.03560000000000,0.00000000000000,0.00000000000000,0.00000000000000,0.000000000
 00000,0.00000000000000,0.00000000000000,
 0.03575000000000,0.00000000000000,0.00000000000000,0.00000000000000,0.000000000
 00000,0.00000000000000,0.00000000000000,
 0.03590000000000,0.00000000000000,0.00000000000000,0.00000000000000,0.000000000
 00000,0.00000000000000,0.00000000000000,
 0.03605000000000,0.00000000000000,0.00000000000000,0.00000000000000,0.000000000
 00000,0.00000000000000,0.00000000000000,
 0.03620000000000,0.00000000000000,0.00000000000000,0.00000000000000,0.000000000
 00000,0.00000000000000,0.00000000000000,
 0.03635000000000,0.00000000000000,0.00000000000000,0.00000000000000,0.000000000
 00000,0.00000000000000,0.00000000000000,
 0.03650000000000,0.00000000000000,0.00000000000000,0.00000000000000,0.000000000
 00000,0.00000000000000,0.00000000000000,
 0.03665000000000,0.00000000000000,0.00000000000000,0.00000000000000,0.000000000
 00000,0.00000000000000,0.00000000000000,
 0.03680000000000,0.00000000000000,0.00000000000000,0.00000000000000,0.000000000
 00000,0.00000000000000,0.00000000000000,
 0.03695000000000,0.00000000000000,0.00000000000000,0.00000000000000,0.000000000
 00000,0.00000000000000,0.00000000000000,
 0.03710000000000,0.00000000000000,0.00000000000000,0.00000000000000,0.000000000
 00000,0.00000000000000,0.00000000000000,
 0.03725000000000,0.00000000000000,0.00000000000000,0.00000000000000,0.000000000
 00000,0.00000000000000,0.00000000000000,
 0.03740000000000,0.00000000000000,0.00000000000000,0.00000000000000,0.000000000
 00000,0.00000000000000,0.00000000000000,
 0.03755000000000,0.00000000000000,0.00000000000000,0.00000000000000,0.000000000
 00000,0.00000000000000,0.00000000000000,
 0.03770000000000,0.00000000000000,0.00000000000000,0.00000000000000,0.000000000
 00000,0.00000000000000,0.00000000000000,
 0.03785000000000,0.00000000000000,0.00000000000000,0.00000000000000,0.000000000
 00000,0.00000000000000,0.00000000000000,
 0.03800000000000,0.00000000000000,0.00000000000000,0.00000000000000,0.000000000
 00000,0.00000000000000,0.00000000000000,
 0.03815000000000,0.00000000000000,0.00000000000000,0.00000000000000,0.000000000
 00000,0.00000000000000,0.00000000000000,
 0.03830000000000,0.00000000000000,0.00000000000000,0.00000000000000,0.000000000
 00000,0.00000000000000,0.00000000000000,
 0.03845000000000,0.00000000000000,0.00000000000000,0.00000000000000,0.000000000
 00000,0.00000000000000,0.00000000000000,
 0.03860000000000,0.00000000000000,0.00000000000000,0.00000000000000,0.000000000
 00000,0.00000000000000,0.00000000000000,
 0.03875000000000,0.00000000000000,0.00000000000000,0.00000000000000,0.000000000
 00000,0.00000000000000,0.00000000000000,
 0.03890000000000,0.00000000000000,0.00000000000000,0.00000000000000,0.000000000
 00000,0.00000000000000,0.00000000000000,
 0.03905000000000,0.00000000000000,0.00000000000000,0.00000000000000,0.000000000
 00000,0.00000000000000,0.00000000000000,
 0.03920000000000,0.00000000000000,0.00000000000000,0.00000000000000,0.000000000
 00000,0.00000000000000,0.00000000000000,
 0.03935000000000,0.00000000000000,0.00000000000000,0.00000000000000,0.000000000
 00000,0.00000000000000,0.00000000000000,
 0.03950000000000,0.00000000000000,0.00000000000000,0.00000000000000,0.000000000
 00000,0.00000000000000,0.00000000000000,
 0.03965000000000,0.00000000000000,0.00000000000000,0.00000000000000,0.000000000
 00000,0.00000000000000,0.00000000000000,
 0.03980000000000,0.00000000000000,0.00000000000000,0.00000000000000,0.000000000
 00000,0.00000000000000,0.00000000000000,
 0.03995000000000,0.00000000000000,0.00000000000000,0.00000000000000,0.000000000
 00000,0.00000000000000,0.00000000000000,
 0.04010000000000,0.00000000000000,0.00000000000000,0.00000000000000,0.000000000
 00000,0.00000000000000,0.00000000000000,
 0.04025000000000,0.00000000000000,0.00000000000000,0.00000000000000,0.000000000
 00000,0.00000000000000,0.00000000000000,
 0.04040000000000,0.00000000000000,0.00000000000000,0.00000000000000,0.000000000
 00000,0.00000000000000,0.00000000000000,
 0.04055000000000,0.00000000000000,0.00000000000000,0.00000000000000,0.000000000
 00000,0.00000000000000,0.00000000000000,
 0.04070000000000,0.00000000000000,0.00000000000000,0.00000000000000,0.000000000
 00000,0.00000000000000,0.00000000000000,
 0.04085000000000,0.00000000000000,0.00000000000000,0.00000000000000,0.000000000
 00000,0.00000000000000,0.00000000000000,
 0.04100000000000,0.00000000000000,0.00000000000000,0.00000000000000,0.000000000
 00000,0.00000000000000,0.00000000000000,
 0.04115000000000,0.00000000000000,0.00000000000000,0.00000000000000,0.000000000
 00000,0.00000000000000,0.00000000000000,
 0.04130000000000,0.00000000000000,0.00000000000000,0.00000000000000,0.000000000
 00000,0.00000000000000,0.00000000000000,
 0.04145000000000,0.00000000000000,0.00000000000000,0.00000000000000,0.000000000
 00000,0.00000000000000,0.00000000000000,
 0.04160000000000,0.00000000000000,0.00000000000000,0.00000000000000,0.000000000
 00000,0.00000000000000,0.00000000000000,
 0.04175000000000,0.00000000000000,0.00000000000000,0.00000000000000,0.000000000
 00000,0.00000000000000,0.00000000000000,
 0.04190000000000,0.00000000000000,0.00000000000000,0.00000000000000,0.000000000
 00000,0.00000000000000,0.00000000000000,
 0.04205000000000,0.00000000000000,0.00000000000000,0.00000000000000,0.000000000
 00000,0.00000000000000,0.00000000000000,
 0.04220000000000,0.00000000000000,0.00000000000000,0.00000000000000,0.000000000
 00000,0.00000000000000,0.00000000000000,
 0.04235000000000,0.00000000000000,0.00000000000000,0.00000000000000,0.000000000
 00000,0.00000000000000,0.00000000000000,
 0.04250000000000,0.00000000000000,0.00000000000000,0.00000000000000,0.000000000
 00000,0.00000000000000,0.00000000000000,
 0.04265000000000,0.00000000000000,0.00000000000000,0.00000000000000,0.000000000
 00000,0.00000000000000,0.00000000000000,
 0.04280000000000,0.00000000000000,0.00000000000000,0.00000000000000,0.000000000
 00000,0.00000000000000,0.00000000000000,
 0.04295000000000,0.00000000000000,0.00000000000000,0.00000000000000,0.000000000
 00000,0.00000000000000,0.00000000000000,
 0.04310000000000,0.00000000000000,0.00000000000000,0.00000000000000,0.000000000
 00000,0.00000000000000,0.00000000000000,
 0.04325000000000,0.00000000000000,0.00000000000000,0.00000000000000,0.000000000
 00000,0.00000000000000,0.00000000000000,
 0.04340000000000,0.00000000000000,0.00000000000000,0.00000000000000,0.000000000
 00000,0.00000000000000,0.00000000000000,
 0.04355000000000,0.00000000000000,0.00000000000000,0.00000000000000,0.000000000
 00000,0.00000000000000,0.00000000000000,
 0.04370000000000,0.00000000000000,0.00000000000000,0.00000000000000,0.000000000
 00000,0.00000000000000,0.00000000000000,
 0.04385000000000,0.00000000000000,0.00000000000000,0.00000000000000,0.000000000
 00000,0.00000000000000,0.00000000000000,
 0.04400000000000,0.00000000000000,0.00000000000000,0.00000000000000,0.000000000
 00000,0.00000000000000,0.00000000000000,
 0.04415000000000,0.00000000000000,0.00000000000000,0.00000000000000,0.000000000
 00000,0.00000000000000,0.00000000000000,
 0.04430000000000,0.00000000000000,0.00000000000000,0.00000000000000,0.000000000
 00000,0.00000000000000,0.00000000000000,
 0.04445000000000,0.00000000000000,0.00000000000000,0.00000000000000,0.000000000
 00000,0.00000000000000,0.00000000000000,
 0.04460000000000,0.00000000000000,0.00000000000000,0.00000000000000,0.000000000
 00000,0.00000000000000,0.00000000000000,
 0.04475000000000,0.00000000000000,0.00000000000000,0.00000000000000,0.000000000
 00000,0.00000000000000,0.00000000000000,
 0.04490000000000,0.00000000000000,0.00000000000000,0.00000000000000,0.000000000
 00000,0.00000000000000,0.00000000000000,
 0.04505000000000,0.00000000000000,0.00000000000000,0.00000000000000,0.000000000
 00000,0.00000000000000,0.00000000000000,
 0.04520000000000,0.00000000000000,0.00000000000000,0.00000000000000,0.000000000
 00000,0.00000000000000,0.00000000000000,
 0.04535000000000,0.00000000000000,0.00000000000000,0.00000000000000,0.000000000
 00000,0.00000000000000,0.00000000000000,
 0.04550000000000,0.00000000000000,0.00000000000000,0.00000000000000,0.000000000
 00000,0.00000000000000,0.00000000000000,
 0.04565000000000,0.00000000000000,0.00000000000000,0.00000000000000,0.000000000
 00000,0.00000000000000,0.00000000000000,
 0.04580000000000,0.00000000000000,0.00000000000000,0.00000000000000,0.000000000
 00000,0.00000000000000,0.00000000000000,
 0.04595000000000,0.00000000000000,0.00000000000000,0.00000000000000,0.000000000
 00000,0.00000000000000,0.00000000000000,
 0.04610000000000,0.00000000000000,0.00000000000000,0.00000000000000,0.000000000
 00000,0.00000000000000,0.00000000000000,
 0.04625000000000,0.00000000000000,0.00000000000000,0.00000000000000,0.000000000
 00000,0.00000000000000,0.00000000000000,
 0.04640000000000,0.00000000000000,0.00000000000000,0.00000000000000,0.000000000
 00000,0.00000000000000,0.00000000000000,
 0.04655000000000,0.00000000000000,0.00000000000000,0.00000000000000,0.000000000
 00000,0.00000000000000,0.00000000000000,
 0.04670000000000,0.00000000000000,0.00000000000000,0.00000000000000,0.000000000
 00000,0.00000000000000,0.00000000000000,
 0.04685000000000,0.00000000000000,0.00000000000000,0.00000000000000,0.000000000
 00000,0.00000000000000,0.00000000000000,
 0.04700000000000,0.00000000000000,0.00000000000000,0.00000000000000,0.000000000
 00000,0.00000000000000,0.00000000000000,
 0.04715000000000,0.00000000000000,0.00000000000000,0.00000000000000,0.000000000
 00000,0.00000000000000,0.00000000000000,
 0.04730000000000,0.00000000000000,0.00000000000000,0.00000000000000,0.000000000
 00000,0.00000000000000,0.00000000000000,
 0.04745000000000,0.00000000000000,0.00000000000000,0.00000000000000,0.000000000
 00000,0.00000000000000,0.00000000000000,
 0.04760000000000,0.00000000000000,0.00000000000000,0.00000000000000,0.000000000
 00000,0.00000000000000,0.00000000000000,
 0.04775000000000,0.00000000000000,0.00000000000000,0.00000000000000,0.000000000
 00000,0.00000000000000,0.00000000000000,
 0.04790000000000,0.00000000000000,0.00000000000000,0.00000000000000,0.000000000
 00000,0.00000000000000,0.00000000000000,
 0.04805000000000,0.00000000000000,0.00000000000000,0.00000000000000,0.000000000
 00000,0.00000000000000,0.00000000000000,
 0.04820000000000,0.00000000000000,0.00000000000000,0.00000000000000,0.000000000
 00000,0.00000000000000,0.00000000000000,
 0.04835000000000,0.00000000000000,0.00000000000000,0.00000000000000,0.000000000
 00000,0.00000000000000,0.00000000000000,
 0.04850000000000,0.00000000000000,0.00000000000000,0.00000000000000,0.000000000
 00000,0.00000000000000,0.00000000000000,
 0.04865000000000,0.00000000000000,0.00000000000000,0.00000000000000,0.000000000
 00000,0.00000000000000,0.00000000000000,
 0.04880000000000,0.00000000000000,0.00000000000000,0.00000000000000,0.000000000
 00000,0.00000000000000,0.00000000000000,
 0.04895000000000,0.00000000000000,0.00000000000000,0.00000000000000,0.000000000
 00000,0.00000000000000,0.00000000000000,
 0.04910000000000,0.00000000000000,0.00000000000000,0.00000000000000,0.000000000
 00000,0.00000000000000,0.00000000000000,
 0.04925000000000,0.00000000000000,0.00000000000000,0.00000000000000,0.000000000
 00000,0.00000000000000,0.00000000000000,
 0.04940000000000,0.00000000000000,0.00000000000000,0.00000000000000,0.000000000
 00000,0.00000000000000,0.00000000000000,
 0.04955000000000,0.00000000000000,0.00000000000000,0.00000000000000,0.000000000
 00000,0.00000000000000,0.00000000000000,
 0.04970000000000,0.00000000000000,0.00000000000000,0.00000000000000,0.000000000
 00000,0.00000000000000,0.00000000000000,
 0.04985000000000,0.00000000000000,0.00000000000000,0.00000000000000,0.000000000
 00000,0.00000000000000,0.00000000000000,
 0.05000000000000,0.00000000000000,0.00000000000000,0.00000000000000,0.000000000
 00000,0.00000000000000,0.00000000000000,
 0.05015000000000,0.00000000000000,0.00000000000000,0.00000000000000,0.000000000
 00000,0.00000000000000,0.00000000000000,
 0.05030000000000,0.00000000000000,0.00000000000000,0.00000000000000,0.000000000
 00000,0.00000000000000,0.00000000000000,
 0.05045000000000,0.00000000000000,0.00000000000000,0.00000000000000,0.000000000
 00000,0.00000000000000,0.00000000000000,
 0.05060000000000,0.00000000000000,0.00000000000000,0.00000000000000,0.000000000
 00000,0.00000000000000,0.00000000000000,
 0.05075000000000,0.00000000000000,0.00000000000000,0.00000000000000,0.000000000
 00000,0.00000000000000,0.00000000000000,
 0.05090000000000,0.00000000000000,0.00000000000000,0.00000000000000,0.000000000
 00000,0.00000000000000,0.00000000000000,
 0.05105000000000,0.00000000000000,0.00000000000000,0.00000000000000,0.000000000
 00000,0.00000000000000,0.00000000000000,
 0.05120000000000,0.00000000000000,0.00000000000000,0.00000000000000,0.000000000
 00000,0.00000000000000,0.00000000000000,
 0.05135000000000,0.00000000000000,0.00000000000000,0.00000000000000,0.000000000
 00000,0.00000000000000,0.00000000000000,
 0.05150000000000,0.00000000000000,0.00000000000000,0.00000000000000,0.000000000
 00000,0.00000000000000,0.00000000000000,
 0.05165000000000,0.00000000000000,0.00000000000000,0.00000000000000,0.000000000
 00000,0.00000000000000,0.00000000000000,
 0.05180000000000,0.00000000000000,0.00000000000000,0.00000000000000,0.000000000
 00000,0.00000000000000,0.00000000000000,
 0.05195000000000,0.00000000000000,0.00000000000000,0.00000000000000,0.000000000
 00000,0.00000000000000,0.00000000000000,
 0.05210000000000,0.00000000000000,0.00000000000000,0.00000000000000,0.000000000
 00000,0.00000000000000,0.00000000000000,
 0.05225000000000,0.00000000000000,0.00000000000000,0.00000000000000,0.000000000
 00000,0.00000000000000,0.00000000000000,
 0.05240000000000,0.00000000000000,0.00000000000000,0.00000000000000,0.000000000
 00000,0.00000000000000,0.00000000000000,
 0.05255000000000,0.00000000000000,0.00000000000000,0.00000000000000,0.000000000
 00000,0.00000000000000,0.00000000000000,
 0.05270000000000,0.00000000000000,0.00000000000000,0.00000000000000,0.000000000
 00000,0.00000000000000,0.00000000000000,
 0.05285000000000,0.00000000000000,0.00000000000000,0.00000000000000,0.000000000
 00000,0.00000000000000,0.00000000000000,
 0.05300000000000,0.00000000000000,0.00000000000000,0.00000000000000,0.000000000
 00000,0.00000000000000,0.00000000000000,
 0.05315000000000,0.00000000000000,0.00000000000000,0.00000000000000,0.000000000
 00000,0.00000000000000,0.00000000000000,
 0.05330000000000,0.00000000000000,0.00000000000000,0.00000000000000,0.000000000
 00000,0.00000000000000,0.00000000000000,
 0.05345000000000,0.00000000000000,0.00000000000000,0.00000000000000,0.000000000
 00000,0.00000000000000,0.00000000000000,
 0.05360000000000,0.00000000000000,0.00000000000000,0.00000000000000,0.000000000
 00000,0.00000000000000,0.00000000000000,
 0.05375000000000,0.00000000000000,0.00000000000000,0.00000000000000,0.000000000
 00000,0.00000000000000,0.00000000000000,
 0.05390000000000,0.00000000000000,0.00000000000000,0.00000000000000,0.000000000
 00000,0.00000000000000,0.00000000000000,
 0.05405000000000,0.00000000000000,0.00000000000000,0.00000000000000,0.000000000
 00000,0.00000000000000,0.00000000000000,
 0.05420000000000,0.00000000000000,0.00000000000000,0.00000000000000,0.000000000
 00000,0.00000000000000,0.00000000000000,
 0.05435000000000,0.00000000000000,0.00000000000000,0.00000000000000,0.000000000
 00000,0.00000000000000,0.00000000000000,
 0.05450000000000,0.00000000000000,0.00000000000000,0.00000000000000,0.000000000
 00000,0.00000000000000,0.00000000000000,
 0.05465000000000,0.00000000000000,0.00000000000000,0.00000000000000,0.000000000
 00000,0.00000000000000,0.00000000000000,
 0.05480000000000,0.00000000000000,0.00000000000000,0.00000000000000,0.000000000
 00000,0.00000000000000,0.00000000000000,
 0.05495000000000,0.00000000000000,0.00000000000000,0.00000000000000,0.000000000
 00000,0.00000000000000,0.00000000000000,
 0.05510000000000,0.00000000000000,0.00000000000000,0.00000000000000,0.000000000
 00000,0.00000000000000,0.00000000000000,
 0.05525000000000,0.00000000000000,0.00000000000000,0.00000000000000,0.000000000
 00000,0.00000000000000,0.00000000000000,
 0.05540000000000,0.00000000000000,0.00000000000000,0.00000000000000,0.000000000
 00000,0.00000000000000,0.00000000000000,
 0.05555000000000,0.00000000000000,0.00000000000000,0.00000000000000,0.000000000
 00000,0.00000000000000,0.00000000000000,
 0.05570000000000,0.00000000000000,0.00000000000000,0.00000000000000,0.000000000
 00000,0.00000000000000,0.00000000000000,
 0.05585000000000,0.00000000000000,0.00000000000000,0.00000000000000,0.000000000
 00000,0.00000000000000,0.00000000000000,
 0.05600000000000,0.00000000000000,0.00000000000000,0.00000000000000,0.000000000
 00000,0.00000000000000,0.00000000000000,
 0.05615000000000,0.00000000000000,0.00000000000000,0.00000000000000,0.000000000
 00000,0.00000000000000,0.00000000000000,
 0.05630000000000,0.00000000000000,0.00000000000000,0.00000000000000,0.000000000
 00000,0.00000000000000,0.00000000000000,
 0.05645000000000,0.00000000000000,0.00000000000000,0.00000000000000,0.000000000
 00000,0.00000000000000,0.00000000000000,
 0.05660000000000,0.00000000000000,0.00000000000000,0.00000000000000,0.000000000
 00000,0.00000000000000,0.00000000000000,
 0.05675000000000,0.00000000000000,0.00000000000000,0.00000000000000,0.000000000
 00000,0.00000000000000,0.00000000000000,
 0.05690000000000,0.00000000000000,0.00000000000000,0.00000000000000,0.000000000
 00000,0.00000000000000,0.00000000000000,
 0.05705000000000,0.00000000000000,0.00000000000000,0.00000000000000,0.000000000
 00000,0.00000000000000,0.00000000000000,
 0.05720000000000,0.00000000000000,0.00000000000000,0.00000000000000,0.000000000
 00000,0.00000000000000,0.00000000000000,
 0.05735000000000,0.00000000000000,0.00000000000000,0.00000000000000,0.000000000
 00000,0.00000000000000,0.00000000000000,
 0.05750000000000,0.00000000000000,0.00000000000000,0.00000000000000,0.000000000
 00000,0.00000000000000,0.00000000000000,
 0.05765000000000,0.00000000000000,0.00000000000000,0.00000000000000,0.000000000
 00000,0.00000000000000,0.00000000000000,
 0.05780000000000,0.00000000000000,0.00000000000000,0.00000000000000,0.000000000
 00000,0.00000000000000,0.00000000000000,
 0.05795000000000,0.00000000000000,0.00000000000000,0.00000000000000,0.000000000
 00000,0.00000000000000,0.00000000000000,
 0.05810000000000,0.00000000000000,0.00000000000000,0.00000000000000,0.000000000
 00000,0.00000000000000,0.00000000000000,
 0.05825000000000,0.00000000000000,0.00000000000000,0.00000000000000,0.000000000
 00000,0.00000000000000,0.00000000000000,
 0.05840000000000,0.00000000000000,0.00000000000000,0.00000000000000,0.000000000
 00000,0.00000000000000,0.00000000000000,
 0.05855000000000,0.00000000000000,0.00000000000000,0.00000000000000,0.000000000
 00000,0.00000000000000,0.00000000000000,
 0.05870000000000,0.00000000000000,0.00000000000000,0.00000000000000,0.000000000
 00000,0.00000000000000,0.00000000000000,
 0.05885000000000,0.00000000000000,0.00000000000000,0.00000000000000,0.000000000
 00000,0.00000000000000,0.00000000000000,
 0.05900000000000,0.00000000000000,0.00000000000000,0.00000000000000,0.000000000
 00000,0.00000000000000,0.00000000000000,
 0.05915000000000,0.00000000000000,0.00000000000000,0.00000000000000,0.000000000
 00000,0.00000000000000,0.00000000000000,
 0.05930000000000,0.00000000000000,0.00000000000000,0.00000000000000,0.000000000
 00000,0.00000000000000,0.00000000000000,
 0.05945000000000,0.00000000000000,0.00000000000000,0.00000000000000,0.000000000
 00000,0.00000000000000,0.00000000000000,
 0.05960000000000,0.00000000000000,0.00000000000000,0.00000000000000,0.000000000
 00000,0.00000000000000,0.00000000000000,
 0.05975000000000,0.00000000000000,0.00000000000000,0.00000000000000,0.000000000
 00000,0.00000000000000,0.00000000000000,
 0.05990000000000,0.00000000000000,0.00000000000000,0.00000000000000,0.000000000
 00000,0.00000000000000,0.00000000000000,
 0.06005000000000,0.00000000000000,0.00000000000000,0.00000000000000,0.000000000
 00000,0.00000000000000,0.00000000000000,
 0.06020000000000,0.00000000000000,0.00000000000000,0.00000000000000,0.000000000
 00000,0.00000000000000,0.00000000000000,
 0.06035000000000,0.00000000000000,0.00000000000000,0.00000000000000,0.000000000
 00000,0.00000000000000,0.00000000000000,
 0.06050000000000,0.00000000000000,0.00000000000000,0.00000000000000,0.000000000
 00000,0.00000000000000,0.00000000000000,
 0.06065000000000,0.00000000000000,0.00000000000000,0.00000000000000,0.000000000
 00000,0.00000000000000,0.00000000000000,
 0.06080000000000,0.00000000000000,0.00000000000000,0.00000000000000,0.000000000
 00000,0.00000000000000,0.00000000000000,
 0.06095000000000,0.00000000000000,0.00000000000000,0.00000000000000,0.000000000
 00000,0.00000000000000,0.00000000000000,
 0.06110000000000,0.00000000000000,0.00000000000000,0.00000000000000,0.000000000
 00000,0.00000000000000,0.00000000000000,
 0.06125000000000,0.00000000000000,0.00000000000000,0.00000000000000,0.000000000
 00000,0.00000000000000,0.00000000000000,
 0.06140000000000,0.00000000000000,0.00000000000000,0.00000000000000,0.000000000
 00000,0.00000000000000,0.00000000000000,
 0.06155000000000,0.00000000000000,0.00000000000000,0.00000000000000,0.000000000
 00000,0.00000000000000,0.00000000000000,
 0.06170000000000,0.00000000000000,0.00000000000000,0.00000000000000,0.000000000
 00000,0.00000000000000,0.00000000000000,
 0.06185000000000,0.00000000000000,0.00000000000000,0.00000000000000,0.000000000
 00000,0.00000000000000,0.00000000000000,
 0.06200000000000,0.00000000000000,0.00000000000000,0.00000000000000,0.000000000
 00000,0.00000000000000,0.00000000000000,
 0.06215000000000,0.00000000000000,0.00000000000000,0.00000000000000,0.000000000
 00000,0.00000000000000,0.00000000000000,
 0.06230000000000,0.00000000000000,0.00000000000000,0.00000000000000,0.000000000
 00000,0.00000000000000,0.00000000000000,
 0.06245000000000,0.00000000000000,0.00000000000000,0.00000000000000,0.000000000
 00000,0.00000000000000,0.00000000000000,
 0.06260000000000,0.00000000000000,0.00000000000000,0.00000000000000,0.000000000
 00000,0.00000000000000,0.00000000000000,
 0.06275000000000,0.00000000000000,0.00000000000000,0.00000000000000,0.000000000
 00000,0.00000000000000,0.00000000000000,
 0.06290000000000,0.00000000000000,0.00000000000000,0.00000000000000,0.000000000
 00000,0.00000000000000,0.00000000000000,
 0.06305000000000,0.00000000000000,0.00000000000000,0.00000000000000,0.000000000
 00000,0.00000000000000,0.00000000000000,
 0.06320000000000,0.00000000000000,0.00000000000000,0.00000000000000,0.000000000
 00000,0.00000000000000,0.00000000000000,
 0.06335000000000,0.00000000000000,0.00000000000000,0.00000000000000,0.000000000
 00000,0.00000000000000,0.00000000000000,
 0.06350000000000,0.00000000000000,0.00000000000000,0.00000000000000,0.000000000
 00000,0.00000000000000,0.00000000000000,
 0.06365000000000,0.00000000000000,0.00000000000000,0.00000000000000,0.000000000
 00000,0.00000000000000,0.00000000000000,
 0.06380000000000,0.00000000000000,0.00000000000000,0.00000000000000,0.000000000
 00000,0.00000000000000,0.00000000000000,
 0.06395000000000,0.00000000000000,0.00000000000000,0.00000000000000,0.000000000
 00000,0.00000000000000,0.00000000000000,
 0.06410000000000,0.00000000000000,0.00000000000000,0.00000000000000,0.000000000
 00000,0.00000000000000,0.00000000000000,
 0.06425000000000,0.00000000000000,0.00000000000000,0.00000000000000,0.000000000
 00000,0.00000000000000,0.00000000000000,
 0.06440000000000,0.00000000000000,0.00000000000000,0.00000000000000,0.000000000
 00000,0.00000000000000,0.00000000000000,
 0.06455000000000,0.00000000000000,0.00000000000000,0.00000000000000,0.000000000
 00000,0.00000000000000,0.00000000000000,
 0.06470000000000,0.00000000000000,0.00000000000000,0.00000000000000,0.000000000
 00000,0.00000000000000,0.00000000000000,
 0.06485000000000,0.00000000000000,0.00000000000000,0.00000000000000,0.000000000
 00000,0.00000000000000,0.00000000000000,
 0.06500000000000,0.00000000000000,0.00000000000000,0.00000000000000,0.000000000
 00000,0.00000000000000,0.00000000000000,
 0.06515000000000,0.00000000000000,0.00000000000000,0.00000000000000,0.000000000
 00000,0.00000000000000,0.00000000000000,
 0.06530000000000,0.00000000000000,0.00000000000000,0.00000000000000,0.000000000
 00000,0.00000000000000,0.00000000000000,
 0.06545000000000,0.00000000000000,0.00000000000000,0.00000000000000,0.000000000
 00000,0.00000000000000,0.00000000000000,
 0.06560000000000,0.00000000000000,0.00000000000000,0.00000000000000,0.000000000
 00000,0.00000000000000,0.00000000000000,
 0.06575000000000,0.00000000000000,0.00000000000000,0.00000000000000,0.000000000
 00000,0.00000000000000,0.00000000000000,
 0.06590000000000,0.00000000000000,0.00000000000000,0.00000000000000,0.000000000
 00000,0.00000000000000,0.00000000000000,
 0.06605000000000,0.00000000000000,0.00000000000000,0.00000000000000,0.000000000
 00000,0.00000000000000,0.00000000000000,
 0.06620000000000,0.00000000000000,0.00000000000000,0.00000000000000,0.000000000
 00000,0.00000000000000,0.00000000000000,
 0.06635000000000,0.00000000000000,0.00000000000000,0.00000000000000,0.000000000
 00000,0.00000000000000,0.00000000000000,
 0.06650000000000,0.00000000000000,0.00000000000000,0.00000000000000,0.000000000
 00000,0.00000000000000,0.00000000000000,
 0.06665000000000,0.00000000000000,0.00000000000000,0.00000000000000,0.000000000
 00000,0.00000000000000,0.00000000000000,
 0.06680000000000,0.00000000000000,0.00000000000000,0.00000000000000,0.000000000
 00000,0.00000000000000,0.00000000000000,
 0.06695000000000,0.00000000000000,0.00000000000000,0.00000000000000,0.000000000
 00000,0.00000000000000,0.00000000000000,
 0.06710000000000,0.00000000000000,0.00000000000000,0.00000000000000,0.000000000
 00000,0.00000000000000,0.00000000000000,
 0.06725000000000,0.00000000000000,0.00000000000000,0.00000000000000,0.000000000
 00000,0.00000000000000,0.00000000000000,
 0.06740000000000,0.00000000000000,0.00000000000000,0.00000000000000,0.000000000
 00000,0.00000000000000,0.00000000000000,
 0.06755000000000,0.00000000000000,0.00000000000000,0.00000000000000,0.000000000
 00000,0.00000000000000,0.00000000000000,
 0.06770000000000,0.00000000000000,0.00000000000000,0.00000000000000,0.000000000
 00000,0.00000000000000,0.00000000000000,
 0.06785000000000,0.00000000000000,0.00000000000000,0.00000000000000,0.000000000
 00000,0.00000000000000,0.00000000000000,
 0.06800000000000,0.00000000000000,0.00000000000000,0.00000000000000,0.000000000
 00000,0.00000000000000,0.00000000000000,
 0.06815000000000,0.00000000000000,0.00000000000000,0.00000000000000,0.000000000
 00000,0.00000000000000,0.00000000000000,
 0.06830000000000,0.00000000000000,0.00000000000000,0.00000000000000,0.000000000
 00000,0.00000000000000,0.00000000000000,
 0.06845000000000,0.00000000000000,0.00000000000000,0.00000000000000,0.000000000
 00000,0.00000000000000,0.00000000000000,
 0.06860000000000,0.00000000000000,0.00000000000000,0.00000000000000,0.000000000
 00000,0.00000000000000,0.00000000000000,
 0.06875000000000,0.00000000000000,0.00000000000000,0.00000000000000,0.000000000
 00000,0.00000000000000,0.00000000000000,
 0.06890000000000,0.00000000000000,0.00000000000000,0.00000000000000,0.000000000
 00000,0.00000000000000,0.00000000000000,
 0.06905000000000,0.00000000000000,0.00000000000000,0.00000000000000,0.000000000
 00000,0.00000000000000,0.00000000000000,
 0.06920000000000,0.00000000000000,0.00000000000000,0.00000000000000,0.000000000
 00000,0.00000000000000,0.00000000000000,
 0.06935000000000,0.00000000000000,0.00000000000000,0.00000000000000,0.000000000
 00000,0.00000000000000,0.00000000000000,
 0.06950000000000,0.00000000000000,0.00000000000000,0.00000000000000,0.000000000
 00000,0.00000000000000,0.00000000000000,
 0.06965000000000,0.00000000000000,0.00000000000000,0.00000000000000,0.000000000
 00000,0.00000000000000,0.00000000000000,
 0.06980000000000,0.00000000000000,0.00000000000000,0.00000000000000,0.000000000
 00000,0.00000000000000,0.00000000000000,
 0.06995000000000,0.00000000000000,0.00000000000000,0.00000000000000,0.000000000
 00000,0.00000000000000,0.00000000000000,
 0.07010000000000,0.00000000000000,0.00000000000000,0.00000000000000,0.000000000
 00000,0.00000000000000,0.00000000000000,
 0.07025000000000,0.00000000000000,0.00000000000000,0.00000000000000,0.000000000
 00000,0.00000000000000,0.00000000000000,
 0.07040000000000,0.00000000000000,0.00000000000000,0.00000000000000,0.000000000
 00000,0.00000000000000,0.00000000000000,
 0.07055000000000,0.00000000000000,0.00000000000000,0.00000000000000,0.000000000
 00000,0.00000000000000,0.00000000000000,
 0.07070000000000,0.00000000000000,0.00000000000000,0.00000000000000,0.000000000
 00000,0.00000000000000,0.00000000000000,
 0.07085000000000,0.00000000000000,0.00000000000000,0.00000000000000,0.000000000
 00000,0.00000000000000,0.00000000000000,
 0.07100000000000,0.00000000000000,0.00000000000000,0.00000000000000,0.000000000
 00000,0.00000000000000,0.00000000000000,
 0.07115000000000,0.00000000000000,0.00000000000000,0.00000000000000,0.000000000
 00000,0.00000000000000,0.00000000000000,
 0.07130000000000,0.00000000000000,0.00000000000000,0.00000000000000,0.000000000
 00000,0.00000000000000,0.00000000000000,
 0.07145000000000,0.00000000000000,0.00000000000000,0.00000000000000,0.000000000
 00000,0.00000000000000,0.00000000000000,
 0.07160000000000,0.00000000000000,0.00000000000000,0.00000000000000,0.000000000
 00000,0.00000000000000,0.00000000000000,
 0.07175000000000,0.00000000000000,0.00000000000000,0.00000000000000,0.000000000
 00000,0.00000000000000,0.00000000000000,
 0.07190000000000,0.00000000000000,0.00000000000000,0.00000000000000,0.000000000
 00000,0.00000000000000,0.00000000000000,
 0.07205000000000,0.00000000000000,0.00000000000000,0.00000000000000,0.000000000
 00000,0.00000000000000,0.00000000000000,
 0.07220000000000,0.00000000000000,0.00000000000000,0.00000000000000,0.000000000
 00000,0.00000000000000,0.00000000000000,
 0.07235000000000,0.00000000000000,0.00000000000000,0.00000000000000,0.000000000
 00000,0.00000000000000,0.00000000000000,
 0.07250000000000,0.00000000000000,0.00000000000000,0.00000000000000,0.000000000
 00000,0.00000000000000,0.00000000000000,
 0.07265000000000,0.00000000000000,0.00000000000000,0.00000000000000,0.000000000
 00000,0.00000000000000,0.00000000000000,
 0.07280000000000,0.00000000000000,0.00000000000000,0.00000000000000,0.000000000
 00000,0.00000000000000,0.00000000000000,
 0.07295000000000,0.00000000000000,0.00000000000000,0.00000000000000,0.000000000
 00000,0.00000000000000,0.00000000000000,
 0.07310000000000,0.00000000000000,0.00000000000000,0.00000000000000,0.000000000
 00000,0.00000000000000,0.00000000000000,
 0.07325000000000,0.00000000000000,0.00000000000000,0.00000000000000,0.000000000
 00000,0.00000000000000,0.00000000000000,
 0.07340000000000,0.00000000000000,0.00000000000000,0.00000000000000,0.000000000
 00000,0.00000000000000,0.00000000000000,
 0.07355000000000,0.00000000000000,0.00000000000000,0.00000000000000,0.000000000
 00000,0.00000000000000,0.00000000000000,
 0.07370000000000,0.00000000000000,0.00000000000000,0.00000000000000,0.000000000
 00000,0.00000000000000,0.00000000000000,
 0.07385000000000,0.00000000000000,0.00000000000000,0.00000000000000,0.000000000
 00000,0.00000000000000,0.00000000000000,
 0.07400000000000,0.00000000000000,0.00000000000000,0.00000000000000,0.000000000
 00000,0.00000000000000,0.00000000000000,
 0.07415000000000,0.00000000000000,0.00000000000000,0.00000000000000,0.000000000
 00000,0.00000000000000,0.00000000000000,
 0.07430000000000,0.00000000000000,0.00000000000000,0.00000000000000,0.000000000
 00000,0.00000000000000,0.00000000000000,
 0.07445000000000,0.00000000000000,0.00000000000000,0.00000000000000,0.000000000
 00000,0.00000000000000,0.00000000000000,
 0.07460000000000,0.00000000000000,0.00000000000000,0.00000000000000,0.000000000
 00000,0.00000000000000,0.00000000000000,
 0.07475000000000,0.00000000000000,0.00000000000000,0.00000000000000,0.000000000
 00000,0.00000000000000,0.00000000000000,
 0.07490000000000,0.00000000000000,0.00000000000000,0.00000000000000,0.000000000
 00000,0.00000000000000,0.00000000000000,
 0.07505000000000,0.00000000000000,0.00000000000000,0.00000000000000,0.000000000
 00000,0.00000000000000,0.00000000000000,
 0.07520000000000,0.00000000000000,0.00000000000000,0.00000000000000,0.000000000
 00000,0.00000000000000,0.00000000000000,
 0.07535000000000,0.00000000000000,0.00000000000000,0.00000000000000,0.000000000
 00000,0.00000000000000,0.00000000000000,
 0.07550000000000,0.00000000000000,0.00000000000000,0.00000000000000,0.000000000
 00000,0.00000000000000,0.00000000000000,
 0.07565000000000,0.00000000000000,0.00000000000000,0.00000000000000,0.000000000
 00000,0.00000000000000,0.00000000000000,
 0.07580000000000,0.00000000000000,0.00000000000000,0.00000000000000,0.000000000
 00000,0.00000000000000,0.00000000000000,
 0.07595000000000,0.00000000000000,0.00000000000000,0.00000000000000,0.000000000
 00000,0.00000000000000,0.00000000000000,
 0.07610000000000,0.00000000000000,0.00000000000000,0.00000000000000,0.000000000
 00000,0.00000000000000,0.00000000000000,
 0.07625000000000,0.00000000000000,0.00000000000000,0.00000000000000,0.000000000
 00000,0.00000000000000,0.00000000000000,
 0.07640000000000,0.00000000000000,0.00000000000000,0.00000000000000,0.000000000
 00000,0.00000000000000,0.00000000000000,
 0.07655000000000,0.00000000000000,0.00000000000000,0.00000000000000,0.000000000
 00000,0.00000000000000,0.00000000000000,
 0.07670000000000,0.00000000000000,0.00000000000000,0.00000000000000,0.000000000
 00000,0.00000000000000,0.00000000000000,
 0.07685000000000,0.00000000000000,0.00000000000000,0.00000000000000,0.000000000
 00000,0.00000000000000,0.00000000000000,
 0.07700000000000,0.00000000000000,0.00000000000000,0.00000000000000,0.000000000
 00000,0.00000000000000,0.00000000000000,
 0.07715000000000,0.00000000000000,0.00000000000000,0.00000000000000,0.000000000
 00000,0.00000000000000,0.00000000000000,
 0.07730000000000,0.00000000000000,0.00000000000000,0.00000000000000,0.000000000
 00000,0.00000000000000,0.00000000000000,
 0.07745000000000,0.00000000000000,0.00000000000000,0.00000000000000,0.000000000
 00000,0.00000000000000,0.00000000000000,
 0.07760000000000,0.00000000000000,0.00000000000000,0.00000000000000,0.000000000
 00000,0.00000000000000,0.00000000000000,
 0.07775000000000,0.00000000000000,0.00000000000000,0.00000000000000,0.000000000
 00000,0.00000000000000,0.00000000000000,
 0.07790000000000,0.00000000000000,0.00000000000000,0.00000000000000,0.000000000
 00000,0.00000000000000,0.00000000000000,
 0.07805000000000,0.00000000000000,0.00000000000000,0.00000000000000,0.000000000
 00000,0.00000000000000,0.00000000000000,
 0.07820000000000,0.00000000000000,0.00000000000000,0.00000000000000,0.000000000
 00000,0.00000000000000,0.00000000000000,
 0.07835000000000,0.00000000000000,0.00000000000000,0.00000000000000,0.000000000
 00000,0.00000000000000,0.00000000000000,
 0.07850000000000,0.00000000000000,0.00000000000000,0.00000000000000,0.000000000
 00000,0.00000000000000,0.00000000000000,
 0.07865000000000,0.00000000000000,0.00000000000000,0.00000000000000,0.000000000
 00000,0.00000000000000,0.00000000000000,
 0.07880000000000,0.00000000000000,0.00000000000000,0.00000000000000,0.000000000
 00000,0.00000000000000,0.00000000000000,
 0.07895000000000,0.00000000000000,0.00000000000000,0.00000000000000,0.000000000
 00000,0.00000000000000,0.00000000000000,
 0.07910000000000,0.00000000000000,0.00000000000000,0.00000000000000,0.000000000
 00000,0.00000000000000,0.00000000000000,
 0.07925000000000,0.00000000000000,0.00000000000000,0.00000000000000,0.000000000
 00000,0.00000000000000,0.00000000000000,
 0.07940000000000,0.00000000000000,0.00000000000000,0.00000000000000,0.000000000
 00000,0.00000000000000,0.00000000000000,
 0.07955000000000,0.00000000000000,0.00000000000000,0.00000000000000,0.000000000
 00000,0.00000000000000,0.00000000000000,
 0.07970000000000,0.00000000000000,0.00000000000000,0.00000000000000,0.000000000
 00000,0.00000000000000,0.00000000000000,
 0.07985000000000,0.00000000000000,0.00000000000000,0.00000000000000,0.000000000
 00000,0.00000000000000,0.00000000000000,
 0.08000000000000,0.00000000000000,0.00000000000000,0.00000000000000,0.000000000
 00000,0.00000000000000,0.00000000000000,
 0.08015000000000,0.00000000000000,0.00000000000000,0.00000000000000,0.000000000
 00000,0.00000000000000,0.00000000000000,
 0.08030000000000,0.00000000000000,0.00000000000000,0.00000000000000,0.000000000
 00000,0.00000000000000,0.00000000000000,
 0.08045000000000,0.00000000000000,0.00000000000000,0.00000000000000,0.000000000
 00000,0.00000000000000,0.00000000000000,
 0.08060000000000,0.00000000000000,0.00000000000000,0.00000000000000,0.000000000
 00000,0.00000000000000,0.00000000000000,
 0.08075000000000,0.00000000000000,0.00000000000000,0.00000000000000,0.000000000
 00000,0.00000000000000,0.00000000000000,
 0.08090000000000,0.00000000000000,0.00000000000000,0.00000000000000,0.000000000
 00000,0.00000000000000,0.00000000000000,
 0.08105000000000,0.00000000000000,0.00000000000000,0.00000000000000,0.000000000
 00000,0.00000000000000,0.00000000000000,
 0.08120000000000,0.00000000000000,0.00000000000000,0.00000000000000,0.000000000
 00000,0.00000000000000,0.00000000000000,
 0.08135000000000,0.00000000000000,0.00000000000000,0.00000000000000,0.000000000
 00000,0.00000000000000,0.00000000000000,
 0.08150000000000,0.00000000000000,0.00000000000000,0.00000000000000,0.000000000
 00000,0.00000000000000,0.00000000000000,
 0.08165000000000,0.00000000000000,0.00000000000000,0.00000000000000,0.000000000
 00000,0.00000000000000,0.00000000000000,
 0.08180000000000,0.00000000000000,0.00000000000000,0.00000000000000,0.000000000
 00000,0.00000000000000,0.00000000000000,
 0.08195000000000,0.00000000000000,0.00000000000000,0.00000000000000,0.000000000
 00000,0.00000000000000,0.00000000000000,
 0.08210000000000,0.00000000000000,0.00000000000000,0.00000000000000,0.000000000
 00000,0.00000000000000,0.00000000000000,
 0.08225000000000,0.00000000000000,0.00000000000000,0.00000000000000,0.000000000
 00000,0.00000000000000,0.00000000000000,
 0.08240000000000,0.00000000000000,0.00000000000000,0.00000000000000,0.000000000
 00000,0.00000000000000,0.00000000000000,
 0.08255000000000,0.00000000000000,0.00000000000000,0.00000000000000,0.000000000
 00000,0.00000000000000,0.00000000000000,
 0.08270000000000,0.00000000000000,0.00000000000000,0.00000000000000,0.000000000
 00000,0.00000000000000,0.00000000000000,
 0.08285000000000,0.00000000000000,0.00000000000000,0.00000000000000,0.000000000
 00000,0.00000000000000,0.00000000000000,
 0.08300000000000,0.00000000000000,0.00000000000000,0.00000000000000,0.000000000
 00000,0.00000000000000,0.00000000000000,
 0.08315000000000,0.00000000000000,0.00000000000000,0.00000000000000,0.000000000
 00000,0.00000000000000,0.00000000000000,
 0.08330000000000,0.00000000000000,0.00000000000000,0.00000000000000,0.000000000
 00000,0.00000000000000,0.00000000000000,
 0.08345000000000,0.00000000000000,0.00000000000000,0.00000000000000,0.000000000
 00000,0.00000000000000,0.00000000000000,
 0.08360000000000,0.00000000000000,0.00000000000000,0.00000000000000,0.000000000
 00000,0.00000000000000,0.00000000000000,
 0.08375000000000,0.00000000000000,0.00000000000000,0.00000000000000,0.000000000
 00000,0.00000000000000,0.00000000000000,
 0.08390000000000,0.00000000000000,0.00000000000000,0.00000000000000,0.000000000
 00000,0.00000000000000,0.00000000000000,
 0.08405000000000,0.00000000000000,0.00000000000000,0.00000000000000,0.000000000
 00000,0.00000000000000,0.00000000000000,
 0.08420000000000,0.00000000000000,0.00000000000000,0.00000000000000,0.000000000
 00000,0.00000000000000,0.00000000000000,
 0.08435000000000,0.00000000000000,0.00000000000000,0.00000000000000,0.000000000
 00000,0.00000000000000,0.00000000000000,
 0.08450000000000,0.00000000000000,0.00000000000000,0.00000000000000,0.000000000
 00000,0.00000000000000,0.00000000000000,
 0.08465000000000,0.00000000000000,0.00000000000000,0.00000000000000,0.000000000
 00000,0.00000000000000,0.00000000000000,
 0.08480000000000,0.00000000000000,0.00000000000000,0.00000000000000,0.000000000
 00000,0.00000000000000,0.00000000000000,
 0.08495000000000,0.00000000000000,0.00000000000000,0.00000000000000,0.000000000
 00000,0.00000000000000,0.00000000000000,
 0.08510000000000,0.00000000000000,0.00000000000000,0.00000000000000,0.000000000
 00000,0.00000000000000,0.00000000000000,
 0.08525000000000,0.00000000000000,0.00000000000000,0.00000000000000,0.000000000
 00000,0.00000000000000,0.00000000000000,
 0.08540000000000,0.00000000000000,0.00000000000000,0.00000000000000,0.000000000
 00000,0.00000000000000,0.00000000000000,
 0.08555000000000,0.00000000000000,0.00000000000000,0.00000000000000,0.000000000
 00000,0.00000000000000,0.00000000000000,
 0.08570000000000,0.00000000000000,0.00000000000000,0.00000000000000,0.000000000
 00000,0.00000000000000,0.00000000000000,
 0.08585000000000,0.00000000000000,0.00000000000000,0.00000000000000,0.000000000
 00000,0.00000000000000,0.00000000000000,
 0.08600000000000,0.00000000000000,0.00000000000000,0.00000000000000,0.000000000
 00000,0.00000000000000,0.00000000000000,
 0.08615000000000,0.00000000000000,0.00000000000000,0.00000000000000,0.000000000
 00000,0.00000000000000,0.00000000000000,
 0.08630000000000,0.00000000000000,0.00000000000000,0.00000000000000,0.000000000
 00000,0.00000000000000,0.00000000000000,
 0.08645000000000,0.00000000000000,0.00000000000000,0.00000000000000,0.000000000
 00000,0.00000000000000,0.00000000000000,
 0.08660000000000,0.00000000000000,0.00000000000000,0.00000000000000,0.000000000
 00000,0.00000000000000,0.00000000000000,
 0.08675000000000,0.00000000000000,0.00000000000000,0.00000000000000,0.000000000
 00000,0.00000000000000,0.00000000000000,
 0.08690000000000,0.00000000000000,0.00000000000000,0.00000000000000,0.000000000
 00000,0.00000000000000,0.00000000000000,
 0.08705000000000,0.00000000000000,0.00000000000000,0.00000000000000,0.000000000
 00000,0.00000000000000,0.00000000000000,
 0.08720000000000,0.00000000000000,0.00000000000000,0.00000000000000,0.000000000
 00000,0.00000000000000,0.00000000000000,
 0.08735000000000,0.00000000000000,0.00000000000000,0.00000000000000,0.000000000
 00000,0.00000000000000,0.00000000000000,
 0.08750000000000,0.00000000000000,0.00000000000000,0.00000000000000,0.000000000
 00000,0.00000000000000,0.00000000000000,
 0.08765000000000,0.00000000000000,0.00000000000000,0.00000000000000,0.000000000
 00000,0.00000000000000,0.00000000000000,
 0.08780000000000,0.00000000000000,0.00000000000000,0.00000000000000,0.000000000
 00000,0.00000000000000,0.00000000000000,
 0.08795000000000,0.00000000000000,0.00000000000000,0.00000000000000,0.000000000
 00000,0.00000000000000,0.00000000000000,
 0.08810000000000,0.00000000000000,0.00000000000000,0.00000000000000,0.000000000
 00000,0.00000000000000,0.00000000000000,
 0.08825000000000,0.00000000000000,0.00000000000000,0.00000000000000,0.000000000
 00000,0.00000000000000,0.00000000000000,
 0.08840000000000,0.00000000000000,0.00000000000000,0.00000000000000,0.000000000
 00000,0.00000000000000,0.00000000000000,
 0.08855000000000,0.00000000000000,0.00000000000000,0.00000000000000,0.000000000
 00000,0.00000000000000,0.00000000000000,
 0.08870000000000,0.00000000000000,0.00000000000000,0.00000000000000,0.000000000
 00000,0.00000000000000,0.00000000000000,
 0.08885000000000,0.00000000000000,0.00000000000000,0.00000000000000,0.000000000
 00000,0.00000000000000,0.00000000000000,
 0.08900000000000,0.00000000000000,0.00000000000000,0.00000000000000,0.000000000
 00000,0.00000000000000,0.00000000000000,
 0.08915000000000,0.00000000000000,0.00000000000000,0.00000000000000,0.000000000
 00000,0.00000000000000,0.00000000000000,
 0.08930000000000,0.00000000000000,0.00000000000000,0.00000000000000,0.000000000
 00000,0.00000000000000,0.00000000000000,
 0.08945000000000,0.00000000000000,0.00000000000000,0.00000000000000,0.000000000
 00000,0.00000000000000,0.00000000000000,
 0.08960000000000,0.00000000000000,0.00000000000000,0.00000000000000,0.000000000
 00000,0.00000000000000,0.00000000000000,
 0.08975000000000,0.00000000000000,0.00000000000000,0.00000000000000,0.000000000
 00000,0.00000000000000,0.00000000000000,
 0.08990000000000,0.00000000000000,0.00000000000000,0.00000000000000,0.000000000
 00000,0.00000000000000,0.00000000000000,
 0.09005000000000,0.00000000000000,0.00000000000000,0.00000000000000,0.000000000
 00000,0.00000000000000,0.00000000000000,
 0.09020000000000,0.00000000000000,0.00000000000000,0.00000000000000,0.000000000
 00000,0.00000000000000,0.00000000000000,
 0.09035000000000,0.00000000000000,0.00000000000000,0.00000000000000,0.000000000
 00000,0.00000000000000,0.00000000000000,
 0.09050000000000,0.00000000000000,0.00000000000000,0.00000000000000,0.000000000
 00000,0.00000000000000,0.00000000000000,
 0.09065000000000,0.00000000000000,0.00000000000000,0.00000000000000,0.000000000
 00000,0.00000000000000,0.00000000000000,
 0.09080000000000,0.00000000000000,0.00000000000000,0.00000000000000,0.000000000
 00000,0.00000000000000,0.00000000000000,
 0.09095000000000,0.00000000000000,0.00000000000000,0.00000000000000,0.000000000
 00000,0.00000000000000,0.00000000000000,
 0.09110000000000,0.00000000000000,0.00000000000000,0.00000000000000,0.000000000
 00000,0.00000000000000,0.00000000000000,
 0.09125000000000,0.00000000000000,0.00000000000000,0.00000000000000,0.000000000
 00000,0.00000000000000,0.00000000000000,
 0.09140000000000,0.00000000000000,0.00000000000000,0.00000000000000,0.000000000
 00000,0.00000000000000,0.00000000000000,
 0.09155000000000,0.00000000000000,0.00000000000000,0.00000000000000,0.000000000
 00000,0.00000000000000,0.00000000000000,
 0.09170000000000,0.00000000000000,0.00000000000000,0.00000000000000,0.000000000
 00000,0.00000000000000,0.00000000000000,
 0.09185000000000,0.00000000000000,0.00000000000000,0.00000000000000,0.000000000
 00000,0.00000000000000,0.00000000000000,
 0.09200000000000,0.00000000000000,0.00000000000000,0.00000000000000,0.000000000
 00000,0.00000000000000,0.00000000000000,
 0.09215000000000,0.00000000000000,0.00000000000000,0.00000000000000,0.000000000
 00000,0.00000000000000,0.00000000000000,
 0.09230000000000,0.00000000000000,0.00000000000000,0.00000000000000,0.000000000
 00000,0.00000000000000,0.00000000000000,
 0.09245000000000,0.00000000000000,0.00000000000000,0.00000000000000,0.000000000
 00000,0.00000000000000,0.00000000000000,
 0.09260000000000,0.00000000000000,0.00000000000000,0.00000000000000,0.000000000
 00000,0.00000000000000,0.00000000000000,
 0.09275000000000,0.00000000000000,0.00000000000000,0.00000000000000,0.000000000
 00000,0.00000000000000,0.00000000000000,
 0.09290000000000,0.00000000000000,0.00000000000000,0.00000000000000,0.000000000
 00000,0.00000000000000,0.00000000000000,
 0.09305000000000,0.00000000000000,0.00000000000000,0.00000000000000,0.000000000
 00000,0.00000000000000,0.00000000000000,
 0.09320000000000,0.00000000000000,0.00000000000000,0.00000000000000,0.000000000
 00000,0.00000000000000,0.00000000000000,
 0.09335000000000,0.00000000000000,0.00000000000000,0.00000000000000,0.000000000
 00000,0.00000000000000,0.00000000000000,
 0.09350000000000,0.00000000000000,0.00000000000000,0.00000000000000,0.000000000
 00000,0.00000000000000,0.00000000000000,
 0.09365000000000,0.00000000000000,0.00000000000000,0.00000000000000,0.000000000
 00000,0.00000000000000,0.00000000000000,
 0.09380000000000,0.00000000000000,0.00000000000000,0.00000000000000,0.000000000
 00000,0.00000000000000,0.00000000000000,
 0.09395000000000,0.00000000000000,0.00000000000000,0.00000000000000,0.000000000
 00000,0.00000000000000,0.00000000000000,
 0.09410000000000,0.00000000000000,0.00000000000000,0.00000000000000,0.000000000
 00000,0.00000000000000,0.00000000000000,
 0.09425000000000,0.00000000000000,0.00000000000000,0.00000000000000,0.000000000
 00000,0.00000000000000,0.00000000000000,
 0.09440000000000,0.00000000000000,0.00000000000000,0.00000000000000,0.000000000
 00000,0.00000000000000,0.00000000000000,
 0.09455000000000,0.00000000000000,0.00000000000000,0.00000000000000,0.000000000
 00000,0.00000000000000,0.00000000000000,
 0.09470000000000,0.00000000000000,0.00000000000000,0.00000000000000,0.000000000
 00000,0.00000000000000,0.00000000000000,
 0.09485000000000,0.00000000000000,0.00000000000000,0.00000000000000,0.000000000
 00000,0.00000000000000,0.00000000000000,
 0.09500000000000,0.00000000000000,0.00000000000000,0.00000000000000,0.000000000
 00000,0.00000000000000,0.00000000000000,
 0.09515000000000,0.00000000000000,0.00000000000000,0.00000000000000,0.000000000
 00000,0.00000000000000,0.00000000000000,
 0.09530000000000,0.00000000000000,0.00000000000000,0.00000000000000,0.000000000
 00000,0.00000000000000,0.00000000000000,
 0.09545000000000,0.00000000000000,0.00000000000000,0.00000000000000,0.000000000
 00000,0.00000000000000,0.00000000000000,
 0.09560000000000,0.00000000000000,0.00000000000000,0.00000000000000,0.000000000
 00000,0.00000000000000,0.00000000000000,
 0.09575000000000,0.00000000000000,0.00000000000000,0.00000000000000,0.000000000
 00000,0.00000000000000,0.00000000000000,
 0.09590000000000,0.00000000000000,0.00000000000000,0.00000000000000,0.000000000
 00000,0.00000000000000,0.00000000000000,
 0.09605000000000,0.00000000000000,0.00000000000000,0.00000000000000,0.000000000
 00000,0.00000000000000,0.00000000000000,
 0.09620000000000,0.00000000000000,0.00000000000000,0.00000000000000,0.000000000
 00000,0.00000000000000,0.00000000000000,
 0.09635000000000,0.00000000000000,0.00000000000000,0.00000000000000,0.000000000
 00000,0.00000000000000,0.00000000000000,
 0.09650000000000,0.00000000000000,0.00000000000000,0.00000000000000,0.000000000
 00000,0.00000000000000,0.00000000000000,
 0.09665000000000,0.00000000000000,0.00000000000000,0.00000000000000,0.000000000
 00000,0.00000000000000,0.00000000000000,
 0.09680000000000,0.00000000000000,0.00000000000000,0.00000000000000,0.000000000
 00000,0.00000000000000,0.00000000000000,
 0.09695000000000,0.00000000000000,0.00000000000000,0.00000000000000,0.000000000
 00000,0.00000000000000,0.00000000000000,
 0.09710000000000,0.00000000000000,0.00000000000000,0.00000000000000,0.000000000
 00000,0.00000000000000,0.00000000000000,
 0.09725000000000,0.00000000000000,0.00000000000000,0.00000000000000,0.000000000
 00000,0.00000000000000,0.00000000000000,
 0.09740000000000,0.00000000000000,0.00000000000000,0.00000000000000,0.000000000
 00000,0.00000000000000,0.00000000000000,
 0.09755000000000,0.00000000000000,0.00000000000000,0.00000000000000,0.000000000
 00000,0.00000000000000,0.00000000000000,
 0.09770000000000,0.00000000000000,0.00000000000000,0.00000000000000,0.000000000
 00000,0.00000000000000,0.00000000000000,
 0.09785000000000,0.00000000000000,0.00000000000000,0.00000000000000,0.000000000
 00000,0.00000000000000,0.00000000000000,
 0.09800000000000,0.00000000000000,0.00000000000000,0.00000000000000,0.000000000
 00000,0.00000000000000,0.00000000000000,
 0.09815000000000,0.00000000000000,0.00000000000000,0.00000000000000,0.000000000
 00000,0.00000000000000,0.00000000000000,
 0.09830000000000,0.00000000000000,0.00000000000000,0.00000000000000,0.000000000
 00000,0.00000000000000,0.00000000000000,
 0.09845000000000,0.00000000000000,0.00000000000000,0.00000000000000,0.000000000
 00000,0.00000000000000,0.00000000000000,
 0.09860000000000,0.00000000000000,0.00000000000000,0.00000000000000,0.000000000
 00000,0.00000000000000,0.00000000000000,
 0.09875000000000,0.00000000000000,0.00000000000000,0.00000000000000,0.000000000
 00000,0.00000000000000,0.00000000000000,
 0.09890000000000,0.00000000000000,0.00000000000000,0.00000000000000,0.000000000
 00000,0.00000000000000,0.00000000000000,
 0.09905000000000,0.00000000000000,0.00000000000000,0.00000000000000,0.000000000
 00000,0.00000000000000,0.00000000000000,
 0.09920000000000,0.00000000000000,0.00000000000000,0.00000000000000,0.000000000
 00000,0.00000000000000,0.00000000000000,
 0.09935000000000,0.00000000000000,0.00000000000000,0.00000000000000,0.000000000
 00000,0.00000000000000,0.00000000000000,
 0.09950000000000,0.00000000000000,0.00000000000000,0.00000000000000,0.000000000
 00000,0.00000000000000,0.00000000000000,
 0.09965000000000,0.00000000000000,0.00000000000000,0.00000000000000,0.000000000
 00000,0.00000000000000,0.00000000000000,
 0.09980000000000,0.00000000000000,0.00000000000000,0.00000000000000,0.000000000
 00000,0.00000000000000,0.00000000000000,
 0.09995000000000,0.00000000000000,0.00000000000000,0.00000000000000,0.000000000
 00000,0.00000000000000,0.00000000000000,
 0.10010000000000,0.00000000000000,0.00000000000000,0.00000000000000,0.000000000
 00000,0.00000000000000,0.00000000000000,
 0.10025000000000,0.00000000000000,0.00000000000000,0.00000000000000,0.000000000
 00000,0.00000000000000,0.00000000000000,
 0.10040000000000,0.00000000000000,0.00000000000000,0.00000000000000,0.000000000
 00000,0.00000000000000,0.00000000000000,
 0.10055000000000,0.00000000000000,0.00000000000000,0.00000000000000,0.000000000
 00000,0.00000000000000,0.00000000000000,
 0.10070000000000,0.00000000000000,0.00000000000000,0.00000000000000,0.000000000
 00000,0.00000000000000,0.00000000000000,
 0.10085000000000,0.00000000000000,0.00000000000000,0.00000000000000,0.000000000
 00000,0.00000000000000,0.00000000000000,
 0.10100000000000,0.00000000000000,0.00000000000000,0.00000000000000,0.000000000
 00000,0.00000000000000,0.00000000000000,
 0.10115000000000,0.00000000000000,0.00000000000000,0.00000000000000,0.000000000
 00000,0.00000000000000,0.00000000000000,
 0.10130000000000,0.00000000000000,0.00000000000000,0.00000000000000,0.000000000
 00000,0.00000000000000,0.00000000000000,
 0.10145000000000,0.00000000000000,0.00000000000000,0.00000000000000,0.000000000
 00000,0.00000000000000,0.00000000000000,
 0.10160000000000,0.00000000000000,0.00000000000000,0.00000000000000,0.000000000
 00000,0.00000000000000,0.00000000000000,
 0.10175000000000,0.00000000000000,0.00000000000000,0.00000000000000,0.000000000
 00000,0.00000000000000,0.00000000000000,
 0.10190000000000,0.00000000000000,0.00000000000000,0.00000000000000,0.000000000
 00000,0.00000000000000,0.00000000000000,
 0.10205000000000,0.00000000000000,0.00000000000000,0.00000000000000,0.000000000
 00000,0.00000000000000,0.00000000000000,
 0.10220000000000,0.00000000000000,0.00000000000000,0.00000000000000,0.000000000
 00000,0.00000000000000,0.00000000000000,
 0.10235000000000,0.00000000000000,0.00000000000000,0.00000000000000,0.000000000
 00000,0.00000000000000,0.00000000000000,
 0.10250000000000,0.00000000000000,0.00000000000000,0.00000000000000,0.000000000
 00000,0.00000000000000,0.00000000000000,
 0.10265000000000,0.00000000000000,0.00000000000000,0.00000000000000,0.000000000
 00000,0.00000000000000,0.00000000000000,
 0.10280000000000,0.00000000000000,0.00000000000000,0.00000000000000,0.000000000
 00000,0.00000000000000,0.00000000000000,
 0.10295000000000,0.00000000000000,0.00000000000000,0.00000000000000,0.000000000
 00000,0.00000000000000,0.00000000000000,
 0.10310000000000,0.00000000000000,0.00000000000000,0.00000000000000,0.000000000
 00000,0.00000000000000,0.00000000000000,
 0.10325000000000,0.00000000000000,0.00000000000000,0.00000000000000,0.000000000
 00000,0.00000000000000,0.00000000000000,
 0.10340000000000,0.00000000000000,0.00000000000000,0.00000000000000,0.000000000
 00000,0.00000000000000,0.00000000000000,
